<!DOCTYPE HTML>
<html>
  <head>
    <meta charset="UTF-8">
    <title>Tomtom Results</title>
    <script>
      // @JSON_VAR data
      var data = {
        "program": "Tomtom",
        "version": "5.5.6",
        "release": "Wed Jun 19 13:59:04 2024 -0700",
        "cmd": [
          "tomtom", "-o",
          "tomtom_results_DO8_108_endmodel.pth_euc_q_value/SA_JA_up_tomtom_output",
          "-eps", "-png", "-thresh", "0.05", "-dist", "ed",
          "results_DO8_108_endmodel.pth/SA_JA_up_meme_output/meme.html",
          "ARABD/ArabidopsisDAPv1.meme", "ARABD/ArabidopsisPBM_20140210.meme"
        ],
        "options": {
          "strands": "both",
          "distance_measure": "ed",
          "threshold_type": "qvalue",
          "threshold_value": 0.05,
          "background_source": "--query--"
        },
        "alphabet": {
          "name": "DNA",
          "like": "dna",
          "ncore": 4,
          "symbols": [
            {
              "symbol": "A",
              "name": "Adenine",
              "colour": "CC0000",
              "complement": "T"
            }, {
              "symbol": "C",
              "name": "Cytosine",
              "colour": "0000CC",
              "complement": "G"
            }, {
              "symbol": "G",
              "name": "Guanine",
              "colour": "FFB300",
              "complement": "C"
            }, {
              "symbol": "T",
              "aliases": "U",
              "name": "Thymine",
              "colour": "008000",
              "complement": "A"
            }, {
              "symbol": "N",
              "aliases": "X.",
              "name": "Any base",
              "equals": "ACGT"
            }, {
              "symbol": "V",
              "name": "Not T",
              "equals": "ACG"
            }, {
              "symbol": "H",
              "name": "Not G",
              "equals": "ACT"
            }, {
              "symbol": "D",
              "name": "Not C",
              "equals": "AGT"
            }, {
              "symbol": "B",
              "name": "Not A",
              "equals": "CGT"
            }, {
              "symbol": "M",
              "name": "Amino",
              "equals": "AC"
            }, {
              "symbol": "R",
              "name": "Purine",
              "equals": "AG"
            }, {
              "symbol": "W",
              "name": "Weak",
              "equals": "AT"
            }, {
              "symbol": "S",
              "name": "Strong",
              "equals": "CG"
            }, {
              "symbol": "Y",
              "name": "Pyrimidine",
              "equals": "CT"
            }, {
              "symbol": "K",
              "name": "Keto",
              "equals": "GT"
            }
          ]
        },
        "background": [0.249, 0.251, 0.251, 0.249],
        "query_dbs": [
          {
            "source": "results_DO8_108_endmodel.pth/SA_JA_up_meme_output/meme.html",
            "name": "meme.html",
            "loaded": 3,
            "excluded": 0,
            "last_modified": "Mon Sep 16 15:49:39 2024"
          }
        ],
        "target_dbs": [
          {
            "source": "ARABD/ArabidopsisDAPv1.meme",
            "name": "ArabidopsisDAPv1",
            "loaded": 872,
            "excluded": 0,
            "last_modified": "Wed Jan 10 00:02:14 2024"
          }, {
            "source": "ARABD/ArabidopsisPBM_20140210.meme",
            "name": "ArabidopsisPBM_20140210",
            "loaded": 113,
            "excluded": 0,
            "last_modified": "Wed Jan 10 00:02:15 2024"
          }
        ],
        "queries": [
          {
            "db": 0,
            "id": "CGBCGRCGYCG",
            "alt": "MEME-2",
            "len": 11,
            "nsites": 221,
            "evalue": "4.7e-002",
            "pwm": [
              [0.000112619, 0.750905, 0.24887, 0.000112619], 
              [0.000112619, 0.208164, 0.79161, 0.000112619], 
              [0.162935, 0.208164, 0.226255, 0.402645], 
              [0.000112619, 0.954433, 0.0453421, 0.000112619], 
              [0.000112619, 0.162936, 0.836839, 0.000112619], 
              [0.402645, 0.194596, 0.316712, 0.0860467], 
              [0.000112619, 0.990615, 0.00915943, 0.000112619], 
              [0.000112619, 0.000113523, 0.999661, 0.000112619], 
              [0.0996156, 0.289576, 0.194596, 0.416214], 
              [0.000112619, 0.981569, 0.0182053, 0.000112619], 
              [0.000112619, 0.0905706, 0.832316, 0.0770008]
            ]
          }, {
            "db": 0,
            "id": "GAAAWARARAAA",
            "alt": "MEME-3",
            "len": 12,
            "nsites": 33,
            "evalue": "4.7e+003",
            "pwm": [
              [0.000752266, 0.182027, 0.816468, 0.000752266], 
              [0.937308, 0.000758308, 0.0611812, 0.000752266], 
              [0.997731, 0.000758308, 0.000758308, 0.000752266], 
              [0.997731, 0.000758308, 0.000758308, 0.000752266], 
              [0.665405, 0.000758308, 0.000758308, 0.333078], 
              [0.997731, 0.000758308, 0.000758308, 0.000752266], 
              [0.393501, 0.182027, 0.423719, 0.000752266], 
              [0.725828, 0.000758308, 0.272661, 0.000752266], 
              [0.484135, 0.000758308, 0.514354, 0.000752266], 
              [0.96752, 0.000758308, 0.0309698, 0.000752266], 
              [0.816462, 0.000758308, 0.182027, 0.000752266], 
              [0.937308, 0.000758308, 0.000758308, 0.0611752]
            ]
          }, {
            "db": 0,
            "id": "WWWWWWATWWWW",
            "alt": "MEME-1",
            "len": 12,
            "nsites": 306,
            "evalue": "7.2e-008",
            "pwm": [
              [0.591391, 8.19993e-05, 8.19993e-05, 0.408445], 
              [0.405178, 8.19993e-05, 0.0654196, 0.52932], 
              [0.591391, 8.19993e-05, 8.19993e-05, 0.408445], 
              [0.565256, 8.19993e-05, 8.19993e-05, 0.43458], 
              [0.359441, 8.19993e-05, 0.124224, 0.516253], 
              [0.666531, 8.19993e-05, 8.19993e-05, 0.333305], 
              [0.960551, 8.19993e-05, 8.19993e-05, 0.0392845], 
              [0.0915545, 8.19993e-05, 8.19993e-05, 0.908282], 
              [0.356174, 8.19993e-05, 8.19993e-05, 0.643662], 
              [0.48685, 8.19993e-05, 8.19993e-05, 0.512986], 
              [0.437846, 8.19993e-05, 8.19993e-05, 0.56199], 
              [0.509719, 8.19993e-05, 8.19993e-05, 0.490117]
            ]
          }
        ],
        "targets": [
          {
            "db": 0,
            "id": "ABI3VP1_tnt.VRN1_col_a_m1",
            "alt": "VRN1",
            "len": 29,
            "nsites": 575,
            "evalue": "4.9e-3494",
            "url": "http://neomorph.salk.edu/dap_web/pages/browse_table_aj.php?AGI=VRN1",
            "pwm": [
              [0.196531, 0.106112, 0.102635, 0.594723], 
              [0.177403, 0.132195, 0.0748136, 0.615588], 
              [0.19827, 0.102635, 0.0661192, 0.632976], 
              [0.0748133, 0.0817684, 0.170449, 0.672969], 
              [0.116545, 0.102635, 0.0174316, 0.763389], 
              [0.0835068, 0.00873813, 0.0678579, 0.839897], 
              [0.0174313, 0.0904629, 0.038298, 0.853808], 
              [0.0400363, 0.0313422, 0.0313422, 0.897278], 
              [0.0609027, 4.36446e-05, 0.0400367, 0.899017], 
              [0.0156926, 0.0261261, 4.36446e-05, 0.958138], 
              [4.32968e-05, 4.36446e-05, 0.0243874, 0.975526], 
              [0.0104765, 0.0261261, 4.36446e-05, 0.963354], 
              [0.0104765, 0.00699943, 0.00873813, 0.973787], 
              [0.00352069, 0.00699943, 0.0174316, 0.972048], 
              [0.0139539, 4.36446e-05, 0.0139542, 0.972048], 
              [0.0174313, 0.00873813, 4.36446e-05, 0.973787], 
              [4.32968e-05, 0.0122155, 4.36446e-05, 0.987698], 
              [4.32968e-05, 0.0139542, 4.36446e-05, 0.985959], 
              [4.32968e-05, 0.00352104, 0.00699943, 0.989436], 
              [0.00352069, 4.36446e-05, 0.0104768, 0.985959], 
              [4.32968e-05, 4.36446e-05, 4.36446e-05, 0.999869], 
              [4.32968e-05, 0.00525974, 4.36446e-05, 0.994653], 
              [4.32968e-05, 4.36446e-05, 4.36446e-05, 0.999869], 
              [0.00763498, 0.000276604, 0.003754, 0.988334], 
              [4.32968e-05, 0.0296035, 0.00873813, 0.961615], 
              [0.00525939, 0.0174316, 0.0626418, 0.914667], 
              [0.0574243, 4.36446e-05, 0.33216, 0.610372], 
              [0.121761, 0.0296035, 0.163493, 0.685141], 
              [0.145003, 0.360214, 0.23154, 0.263243]
            ]
          }, {
            "db": 0,
            "id": "ABI3VP1_tnt.VRN1_colamp_a_m1",
            "alt": "VRN1",
            "len": 19,
            "nsites": 373,
            "evalue": "8.8e-964",
            "url": "http://neomorph.salk.edu/dap_web/pages/browse_table_aj.php?AGI=VRN1",
            "pwm": [
              [0.227888, 0.329738, 0.284173, 0.158201], 
              [0.396743, 0.00542784, 0.0107884, 0.58704], 
              [0.0054273, 0.198405, 0.434267, 0.3619], 
              [0.14748, 0.147481, 0.131399, 0.57364], 
              [0.0670728, 0.0107884, 0.0536719, 0.868467], 
              [6.67381e-05, 0.00542784, 0.0188292, 0.975676], 
              [6.67381e-05, 6.72742e-05, 0.0134687, 0.986397], 
              [6.67381e-05, 6.72742e-05, 0.0188292, 0.981037], 
              [6.67381e-05, 6.72742e-05, 6.72742e-05, 0.999799], 
              [6.67381e-05, 0.0107884, 0.00542784, 0.983717], 
              [6.67381e-05, 6.72742e-05, 0.0134687, 0.986397], 
              [6.67381e-05, 6.72742e-05, 0.00810812, 0.991758], 
              [6.67381e-05, 0.0375912, 0.0697536, 0.892588], 
              [6.67381e-05, 0.115318, 0.1448, 0.739814], 
              [0.0107879, 0.131399, 0.117998, 0.739814], 
              [0.0241893, 0.109958, 0.120678, 0.745175], 
              [0.0161484, 0.120678, 0.227888, 0.635285], 
              [0.115318, 0.107278, 0.3619, 0.415505], 
              [0.123358, 0.211807, 0.278813, 0.386022]
            ]
          }, {
            "db": 0,
            "id": "AP2EREBP_tnt.AT1G28160_col_a_m1",
            "alt": "AT1G28160",
            "len": 15,
            "nsites": 595,
            "evalue": "3.4e-1142",
            "url": "http://neomorph.salk.edu/dap_web/pages/browse_table_aj.php?AGI=AT1G28160",
            "pwm": [
              [0.216812, 0.299152, 0.0470933, 0.436943], 
              [0.163039, 0.0638974, 0.628508, 0.144556], 
              [0.356285, 0.0185261, 0.615065, 0.0101241], 
              [0.0134846, 0.969627, 4.21778e-05, 0.016846], 
              [4.18417e-05, 4.21778e-05, 0.999874, 4.18417e-05], 
              [0.0101241, 0.0017229, 0.984751, 0.00340228], 
              [4.18417e-05, 0.984751, 4.21778e-05, 0.0151653], 
              [4.18417e-05, 4.21778e-05, 0.998193, 0.00172256], 
              [0.0252476, 0.0924636, 0.858722, 0.0235669], 
              [0.336119, 0.527684, 0.0185261, 0.117669], 
              [0.070618, 0.0252479, 0.815031, 0.0891029], 
              [0.277306, 0.107587, 0.505839, 0.109267], 
              [0.305872, 0.277307, 0.109268, 0.307553], 
              [0.223533, 0.0706183, 0.494077, 0.211771], 
              [0.210091, 0.115989, 0.497438, 0.176483]
            ]
          }, {
            "db": 0,
            "id": "AP2EREBP_tnt.AT1G28160_colamp_a_m1",
            "alt": "AT1G28160",
            "len": 14,
            "nsites": 592,
            "evalue": "8.7e-1175",
            "url": "http://neomorph.salk.edu/dap_web/pages/browse_table_aj.php?AGI=AT1G28160",
            "pwm": [
              [0.180755, 0.547247, 0.0811097, 0.190888], 
              [0.298978, 0.0844871, 0.395246, 0.221289], 
              [0.104754, 0.516847, 0.119954, 0.258444], 
              [0.0777319, 0.785383, 0.0118644, 0.125021], 
              [0.153732, 0.00679825, 0.552314, 0.287156], 
              [0.0236871, 0.754983, 0.177377, 0.0439536], 
              [0.0186199, 0.981296, 4.23915e-05, 4.20537e-05], 
              [0.0456424, 4.23915e-05, 0.928939, 0.0253758], 
              [4.20537e-05, 0.999874, 4.23915e-05, 4.20537e-05], 
              [0.00341948, 0.996496, 4.23915e-05, 4.20537e-05], 
              [0.0118641, 4.23915e-05, 0.988051, 4.20537e-05], 
              [0.0101753, 0.643515, 0.0101757, 0.336134], 
              [0.108132, 0.722893, 0.0270648, 0.14191], 
              [0.430712, 4.23915e-05, 0.410446, 0.158799]
            ]
          }, {
            "db": 0,
            "id": "AP2EREBP_tnt.AT1G71450_col_a_m1",
            "alt": "AT1G71450",
            "len": 20,
            "nsites": 568,
            "evalue": "4.6e-855",
            "url": "http://neomorph.salk.edu/dap_web/pages/browse_table_aj.php?AGI=AT1G71450",
            "pwm": [
              [0.169028, 0.623173, 0.0493315, 0.158467], 
              [0.371457, 0.132063, 0.228877, 0.267603], 
              [0.0950971, 0.619653, 0.0950974, 0.190151], 
              [0.0915767, 0.73407, 0.0651737, 0.10918], 
              [0.334492, 4.41824e-05, 0.445389, 0.220075], 
              [0.110939, 0.674221, 0.0246878, 0.190151], 
              [0.102139, 0.756953, 0.0246878, 0.11622], 
              [0.316889, 0.058133, 0.427786, 0.197192], 
              [0.110939, 0.600291, 0.0528519, 0.235917], 
              [0.11622, 0.714707, 0.0422907, 0.126783], 
              [0.290486, 0.0563723, 0.360896, 0.292246], 
              [0.0651734, 0.598531, 0.0669334, 0.269362], 
              [0.061653, 0.815042, 0.00884563, 0.114461], 
              [0.438347, 0.00532525, 0.418984, 0.137344], 
              [0.0405297, 0.892493, 0.0246878, 0.0422904], 
              [0.0422904, 0.925937, 0.00708494, 0.0246875], 
              [0.132063, 0.00884563, 0.783357, 0.0757345], 
              [0.167268, 0.510517, 0.0422907, 0.279925], 
              [0.0334889, 0.925937, 0.00532525, 0.0352486], 
              [0.482353, 0.0158864, 0.332732, 0.169028]
            ]
          }, {
            "db": 0,
            "id": "AP2EREBP_tnt.AT1G71450_colamp_a_m1",
            "alt": "AT1G71450",
            "len": 13,
            "nsites": 557,
            "evalue": "3.0e-439",
            "url": "http://neomorph.salk.edu/dap_web/pages/browse_table_aj.php?AGI=AT1G71450",
            "pwm": [
              [0.175956, 0.364432, 0.152621, 0.306992], 
              [0.213651, 0.508033, 0.0467157, 0.231601], 
              [0.298016, 0.125695, 0.276476, 0.299811], 
              [0.149031, 0.369817, 0.125695, 0.355457], 
              [0.0772298, 0.791644, 4.50547e-05, 0.13108], 
              [0.613938, 4.50547e-05, 0.294426, 0.0915903], 
              [4.46957e-05, 0.999866, 4.50547e-05, 4.46957e-05], 
              [4.46957e-05, 0.999866, 4.50547e-05, 4.46957e-05], 
              [0.0323549, 4.50547e-05, 0.967555, 4.46957e-05], 
              [0.323147, 0.217241, 0.0197905, 0.439822], 
              [0.00363505, 0.942425, 4.50547e-05, 0.053895], 
              [0.513418, 0.0485104, 0.274682, 0.16339], 
              [0.271091, 0.342892, 0.0736408, 0.312377]
            ]
          }, {
            "db": 0,
            "id": "AP2EREBP_tnt.AT4G18450_col_a_m1",
            "alt": "AT4G18450",
            "len": 17,
            "nsites": 537,
            "evalue": "3.8e-1232",
            "url": "http://neomorph.salk.edu/dap_web/pages/browse_table_aj.php?AGI=AT4G18450",
            "pwm": [
              [0.348213, 0.0968627, 0.489714, 0.0652112], 
              [0.14527, 0.538122, 4.67325e-05, 0.316561], 
              [4.63601e-05, 4.67325e-05, 0.994275, 0.00563232], 
              [0.0633496, 4.67325e-05, 0.936557, 4.63601e-05], 
              [4.63601e-05, 0.97938, 4.67325e-05, 0.0205265], 
              [4.63601e-05, 4.67325e-05, 0.999861, 4.63601e-05], 
              [4.63601e-05, 4.67325e-05, 0.999861, 4.63601e-05], 
              [0.0242509, 0.940282, 4.67325e-05, 0.0354218], 
              [0.0112173, 0.0130793, 0.87884, 0.0968623], 
              [0.158304, 0.128515, 0.703827, 0.00935563], 
              [0.333317, 0.381726, 0.0596256, 0.22533], 
              [0.169475, 0.0465931, 0.627491, 0.156442], 
              [0.238363, 0.0894151, 0.53626, 0.135961], 
              [0.230915, 0.411516, 0.1341, 0.223469], 
              [0.193679, 0.0931394, 0.55674, 0.156442], 
              [0.188093, 0.126652, 0.539983, 0.14527], 
              [0.236501, 0.338904, 0.15458, 0.270015]
            ]
          }, {
            "db": 0,
            "id": "AP2EREBP_tnt.At1g19210_col_a_m1",
            "alt": "At1g19210",
            "len": 14,
            "nsites": 599,
            "evalue": "6.5e-876",
            "url": "http://neomorph.salk.edu/dap_web/pages/browse_table_aj.php?AGI=At1g19210",
            "pwm": [
              [0.362251, 0.0751544, 0.3055, 0.257094], 
              [0.212026, 0.0567934, 0.0885081, 0.642672], 
              [0.0784925, 0.0317566, 0.672718, 0.217033], 
              [4.15623e-05, 4.18962e-05, 0.999875, 4.15623e-05], 
              [0.48577, 0.131906, 0.0701472, 0.312176], 
              [4.15623e-05, 0.999875, 4.18962e-05, 4.15623e-05], 
              [4.15623e-05, 4.18962e-05, 0.999875, 4.15623e-05], 
              [4.15623e-05, 4.18962e-05, 0.999875, 4.15623e-05], 
              [0.0718156, 0.308838, 4.18962e-05, 0.619304], 
              [0.045109, 0.0150644, 0.874687, 0.0651397], 
              [0.267109, 0.120222, 0.510808, 0.101861], 
              [0.32553, 0.262102, 0.140252, 0.272116], 
              [0.227049, 0.0768241, 0.48744, 0.208688], 
              [0.320522, 0.138583, 0.377274, 0.16362]
            ]
          }, {
            "db": 0,
            "id": "AP2EREBP_tnt.At2g33710_col_m1",
            "alt": "At2g33710",
            "len": 15,
            "nsites": 583,
            "evalue": "1.9e-1111",
            "url": "http://neomorph.salk.edu/dap_web/pages/browse_table_aj.php?AGI=At2g33710",
            "pwm": [
              [0.135525, 0.528254, 0.130381, 0.205839], 
              [0.18526, 0.564268, 0.0600668, 0.190405], 
              [0.301878, 0.0840766, 0.305308, 0.308738], 
              [0.101226, 0.586563, 0.0806462, 0.231564], 
              [0.108086, 0.814654, 0.0223372, 0.0549223], 
              [0.111516, 0.0137627, 0.600283, 0.274439], 
              [0.00518782, 0.78207, 0.19212, 0.0206222], 
              [0.0120476, 0.982721, 0.00518816, 4.27028e-05], 
              [0.0429173, 4.30458e-05, 0.944992, 0.0120476], 
              [4.27028e-05, 0.981007, 0.0189078, 4.27028e-05], 
              [4.27028e-05, 0.999872, 4.30458e-05, 4.27028e-05], 
              [0.0532066, 4.30458e-05, 0.944992, 0.00175741], 
              [0.0137623, 0.638013, 0.0189078, 0.329317], 
              [0.255574, 0.600283, 0.029198, 0.114946], 
              [0.50253, 0.0189078, 0.267578, 0.210985]
            ]
          }, {
            "db": 0,
            "id": "AP2EREBP_tnt.At2g33710_colamp_a_m1",
            "alt": "At2g33710",
            "len": 18,
            "nsites": 600,
            "evalue": "7.4e-1003",
            "url": "http://neomorph.salk.edu/dap_web/pages/browse_table_aj.php?AGI=At2g33710",
            "pwm": [
              [0.274996, 0.120022, 0.254999, 0.349983], 
              [0.116689, 0.484961, 0.150017, 0.248333], 
              [0.138351, 0.77158, 0.0483668, 0.0417015], 
              [0.0467007, 0.016706, 0.751584, 0.185011], 
              [4.14931e-05, 0.794909, 0.181679, 0.0233706], 
              [0.0300365, 0.966548, 0.00337427, 4.14931e-05], 
              [0.00670738, 4.18264e-05, 0.993209, 4.14931e-05], 
              [0.00670738, 0.943218, 0.0100402, 0.0400348], 
              [0.0417015, 0.956549, 0.00170855, 4.14931e-05], 
              [0.175012, 0.00504099, 0.783244, 0.0367024], 
              [0.0650307, 0.441635, 0.0566994, 0.436636], 
              [0.313322, 0.401642, 0.0417019, 0.243334], 
              [0.459965, 0.0300368, 0.215006, 0.294992], 
              [0.196676, 0.368313, 0.0700302, 0.364981], 
              [0.283327, 0.343318, 0.0916936, 0.281662], 
              [0.216672, 0.101692, 0.339985, 0.341652], 
              [0.143351, 0.409974, 0.170013, 0.276662], 
              [0.258331, 0.414973, 0.108357, 0.218338]
            ]
          }, {
            "db": 0,
            "id": "AP2EREBP_tnt.CRF10_col100_a_m1",
            "alt": "CRF10",
            "len": 15,
            "nsites": 600,
            "evalue": "5.2e-1056",
            "url": "http://neomorph.salk.edu/dap_web/pages/browse_table_aj.php?AGI=CRF10",
            "pwm": [
              [0.105024, 0.574946, 0.116689, 0.203341], 
              [0.153349, 0.601609, 0.0633643, 0.181678], 
              [0.276662, 0.113356, 0.348317, 0.261665], 
              [0.075029, 0.603274, 0.095026, 0.226671], 
              [0.110023, 0.80824, 0.0133726, 0.0683631], 
              [0.131687, 0.0117069, 0.53162, 0.324987], 
              [0.00670738, 0.911557, 0.0633643, 0.0183714], 
              [0.0250373, 0.963214, 0.0117069, 4.14931e-05], 
              [0.0766957, 4.18264e-05, 0.921555, 0.00170822], 
              [4.14931e-05, 0.983211, 4.18264e-05, 0.0167057], 
              [4.14931e-05, 0.999875, 4.18264e-05, 4.14931e-05], 
              [0.0550323, 4.18264e-05, 0.914889, 0.0300365], 
              [0.00170822, 0.719922, 0.0100402, 0.26833], 
              [0.200008, 0.481629, 0.0966927, 0.221672], 
              [0.424971, 0.0616986, 0.303324, 0.210006]
            ]
          }, {
            "db": 0,
            "id": "AP2EREBP_tnt.CRF4_col_a_m1",
            "alt": "CRF4",
            "len": 21,
            "nsites": 226,
            "evalue": "4.5e-492",
            "url": "http://neomorph.salk.edu/dap_web/pages/browse_table_aj.php?AGI=CRF4",
            "pwm": [
              [0.0708748, 0.544118, 0.150486, 0.234519], 
              [0.212405, 0.636997, 0.000111013, 0.150486], 
              [0.194714, 0.0576076, 0.340668, 0.40701], 
              [0.0487616, 0.818333, 0.097413, 0.0354925], 
              [0.0531836, 0.915635, 0.000111013, 0.0310694], 
              [0.115103, 0.0089571, 0.769682, 0.106258], 
              [0.000110128, 0.999669, 0.000111013, 0.000110128], 
              [0.000110128, 0.999669, 0.000111013, 0.000110128], 
              [0.0531836, 0.000111013, 0.920058, 0.0266474], 
              [0.000110128, 0.840447, 0.000111013, 0.159332], 
              [0.0708748, 0.915635, 0.000111013, 0.0133783], 
              [0.384896, 0.0443394, 0.464508, 0.106258], 
              [0.0576067, 0.70334, 0.0399164, 0.199137], 
              [0.137217, 0.552963, 0.115104, 0.194714], 
              [0.292016, 0.0443394, 0.38932, 0.274325], 
              [0.154909, 0.561809, 0.0752987, 0.207983], 
              [0.247789, 0.473353, 0.106259, 0.1726], 
              [0.212405, 0.0797218, 0.420279, 0.287594], 
              [0.0576067, 0.716608, 0.110681, 0.115103], 
              [0.0620297, 0.636997, 0.097413, 0.20356], 
              [0.221251, 0.150486, 0.402588, 0.225674]
            ]
          }, {
            "db": 0,
            "id": "AP2EREBP_tnt.CRF4_colamp_a_m1",
            "alt": "CRF4",
            "len": 15,
            "nsites": 600,
            "evalue": "2.6e-1338",
            "url": "http://neomorph.salk.edu/dap_web/pages/browse_table_aj.php?AGI=CRF4",
            "pwm": [
              [0.230003, 0.319989, 0.0317035, 0.418305], 
              [0.170013, 0.0600318, 0.636603, 0.133352], 
              [0.263331, 0.00170855, 0.699925, 0.0350357], 
              [0.0233706, 0.744918, 4.18264e-05, 0.23167], 
              [0.0133723, 4.18264e-05, 0.974879, 0.0117065], 
              [0.0167057, 0.00670772, 0.976546, 4.14931e-05], 
              [0.00670738, 0.934886, 4.18264e-05, 0.0583648], 
              [4.14931e-05, 4.18264e-05, 0.999875, 4.14931e-05], 
              [0.00170822, 0.0550327, 0.943218, 4.14931e-05], 
              [0.166681, 0.766581, 4.18264e-05, 0.0666974], 
              [0.0283698, 0.0150393, 0.883228, 0.0733623], 
              [0.175012, 0.120022, 0.646601, 0.0583648], 
              [0.301658, 0.364981, 0.0800285, 0.253332], 
              [0.153349, 0.0367027, 0.674929, 0.135019], 
              [0.221672, 0.0816952, 0.603274, 0.0933589]
            ]
          }, {
            "db": 0,
            "id": "AP2EREBP_tnt.ERF104_col_a_m1",
            "alt": "ERF104",
            "len": 19,
            "nsites": 557,
            "evalue": "3.4e-1073",
            "url": "http://neomorph.salk.edu/dap_web/pages/browse_table_aj.php?AGI=ERF104",
            "pwm": [
              [0.140056, 0.536753, 0.134671, 0.188521], 
              [0.271091, 0.172366, 0.348277, 0.208266], 
              [0.145441, 0.569063, 0.104155, 0.181341], 
              [0.17416, 0.554703, 0.100566, 0.170571], 
              [0.296222, 0.10954, 0.371612, 0.222626], 
              [0.12031, 0.525983, 0.100566, 0.253141], 
              [0.154416, 0.651634, 0.0592804, 0.134671], 
              [0.224421, 0.0897959, 0.382382, 0.303401], 
              [0.0395346, 0.662404, 0.136466, 0.161596], 
              [0.147235, 0.83293, 0.0108151, 0.00902008], 
              [0.0646651, 4.50547e-05, 0.89037, 0.0449196], 
              [4.46957e-05, 0.996275, 0.00363541, 4.46957e-05], 
              [4.46957e-05, 0.999866, 4.50547e-05, 4.46957e-05], 
              [0.04851, 4.50547e-05, 0.946015, 0.00542973], 
              [0.00363505, 0.83652, 4.50547e-05, 0.159801], 
              [0.00722441, 0.992686, 4.50547e-05, 4.46957e-05], 
              [0.384177, 4.50547e-05, 0.504442, 0.111336], 
              [0.0718448, 0.491878, 0.0915906, 0.344687], 
              [0.233396, 0.391357, 0.107746, 0.267501]
            ]
          }, {
            "db": 0,
            "id": "AP2EREBP_tnt.ERF104_colamp_a_m1",
            "alt": "ERF104",
            "len": 15,
            "nsites": 283,
            "evalue": "6.7e-577",
            "url": "http://neomorph.salk.edu/dap_web/pages/browse_table_aj.php?AGI=ERF104",
            "pwm": [
              [0.204963, 0.332126, 0.095461, 0.367449], 
              [0.233222, 0.0883965, 0.484017, 0.194365], 
              [0.265012, 0.0848647, 0.593519, 0.056605], 
              [0.102525, 0.473419, 0.00362141, 0.420434], 
              [0.00715246, 8.86612e-05, 0.992671, 8.79548e-05], 
              [0.106058, 0.00362141, 0.890233, 8.79548e-05], 
              [8.79548e-05, 0.996203, 8.86612e-05, 0.00362071], 
              [8.79548e-05, 8.86612e-05, 0.999735, 8.79548e-05], 
              [8.79548e-05, 8.86612e-05, 0.999735, 8.79548e-05], 
              [0.00362071, 0.982074, 8.86612e-05, 0.014217], 
              [8.79548e-05, 0.0389439, 0.826652, 0.134317], 
              [0.137848, 0.176704, 0.642971, 0.042476], 
              [0.321529, 0.406305, 0.081332, 0.190834], 
              [0.144913, 0.0672029, 0.607648, 0.180236], 
              [0.190834, 0.141382, 0.544066, 0.123719]
            ]
          }, {
            "db": 0,
            "id": "AP2EREBP_tnt.ERF105_col_m1",
            "alt": "ERF105",
            "len": 15,
            "nsites": 586,
            "evalue": "1.7e-1245",
            "url": "http://neomorph.salk.edu/dap_web/pages/browse_table_aj.php?AGI=ERF105",
            "pwm": [
              [0.245735, 0.0972962, 0.474365, 0.182605], 
              [0.254265, 0.308864, 0.0614653, 0.375405], 
              [0.286683, 0.075115, 0.438535, 0.199667], 
              [0.322513, 0.0631721, 0.532375, 0.0819395], 
              [0.0853519, 0.523844, 4.28255e-05, 0.390761], 
              [4.24842e-05, 4.28255e-05, 0.999872, 4.24842e-05], 
              [0.0358724, 4.28255e-05, 0.964042, 4.24842e-05], 
              [0.00174819, 0.970867, 4.28255e-05, 0.0273418], 
              [4.24842e-05, 4.28255e-05, 0.999872, 4.24842e-05], 
              [4.24842e-05, 0.00174853, 0.998166, 4.24842e-05], 
              [0.0358724, 0.928212, 4.28255e-05, 0.0358724], 
              [0.00174819, 4.28255e-05, 0.892382, 0.105826], 
              [0.133126, 0.186018, 0.651809, 0.0290475], 
              [0.360049, 0.348106, 0.102414, 0.18943], 
              [0.209905, 0.04611, 0.563087, 0.180899]
            ]
          }, {
            "db": 0,
            "id": "AP2EREBP_tnt.ERF105_colamp_a_m1",
            "alt": "ERF105",
            "len": 24,
            "nsites": 591,
            "evalue": "2.8e-1237",
            "url": "http://neomorph.salk.edu/dap_web/pages/browse_table_aj.php?AGI=ERF105",
            "pwm": [
              [0.172602, 0.417908, 0.155684, 0.253806], 
              [0.203054, 0.444975, 0.120157, 0.231813], 
              [0.248731, 0.191211, 0.326552, 0.233506], 
              [0.159067, 0.436517, 0.169219, 0.235197], 
              [0.189519, 0.443283, 0.155684, 0.211512], 
              [0.233506, 0.143842, 0.341779, 0.280875], 
              [0.130308, 0.488962, 0.137075, 0.243656], 
              [0.153992, 0.507571, 0.138767, 0.19967], 
              [0.280875, 0.164144, 0.357004, 0.197979], 
              [0.140458, 0.490653, 0.148917, 0.219971], 
              [0.143842, 0.538022, 0.106623, 0.211512], 
              [0.274108, 0.137075, 0.404373, 0.184444], 
              [0.138767, 0.494037, 0.14215, 0.225046], 
              [0.197979, 0.551556, 0.067713, 0.182752], 
              [0.252114, 0.0930897, 0.384072, 0.270724], 
              [0.0558707, 0.551556, 0.208129, 0.184444], 
              [0.175985, 0.805321, 0.0135762, 0.00511727], 
              [0.0254188, 4.24632e-05, 0.930511, 0.0440277], 
              [4.21249e-05, 0.989723, 0.0101927, 4.21249e-05], 
              [0.0118841, 0.988031, 4.24632e-05, 4.21249e-05], 
              [0.0288023, 4.24632e-05, 0.964346, 0.00680898], 
              [0.00680898, 0.886525, 0.0101927, 0.0964728], 
              [4.21249e-05, 0.99649, 0.00342589, 4.21249e-05], 
              [0.407756, 4.24632e-05, 0.461893, 0.130308]
            ]
          }, {
            "db": 0,
            "id": "AP2EREBP_tnt.ERF10_col_a_m1",
            "alt": "ERF10",
            "len": 21,
            "nsites": 571,
            "evalue": "5.9e-1039",
            "url": "http://neomorph.salk.edu/dap_web/pages/browse_table_aj.php?AGI=ERF10",
            "pwm": [
              [0.255691, 0.204912, 0.241683, 0.297714], 
              [0.138373, 0.504334, 0.129618, 0.227675], 
              [0.192654, 0.478069, 0.119112, 0.210165], 
              [0.309971, 0.154133, 0.309972, 0.225923], 
              [0.187402, 0.500832, 0.129618, 0.182149], 
              [0.147128, 0.544607, 0.0981008, 0.210165], 
              [0.243434, 0.168141, 0.30647, 0.281955], 
              [0.157634, 0.495579, 0.0858429, 0.260944], 
              [0.201409, 0.567371, 0.0175539, 0.213666], 
              [0.264445, 0.112108, 0.302968, 0.320477], 
              [0.0613289, 0.598888, 0.13137, 0.208413], 
              [0.0403165, 0.942086, 0.0105501, 0.00704737], 
              [0.0665819, 4.39503e-05, 0.784495, 0.14888], 
              [4.36001e-05, 0.999869, 4.39503e-05, 4.36001e-05], 
              [4.36001e-05, 0.999869, 4.39503e-05, 4.36001e-05], 
              [0.0473203, 4.39503e-05, 0.952592, 4.36001e-05], 
              [0.00879907, 0.894808, 4.39503e-05, 0.0963487], 
              [0.0595782, 0.924576, 4.39503e-05, 0.0158028], 
              [0.34149, 4.39503e-05, 0.565619, 0.0928473], 
              [0.0770881, 0.542856, 0.0735861, 0.30647], 
              [0.250438, 0.318727, 0.150631, 0.280205]
            ]
          }, {
            "db": 0,
            "id": "AP2EREBP_tnt.ERF115_col_a_m1",
            "alt": "ERF115",
            "len": 15,
            "nsites": 599,
            "evalue": "7.2e-1079",
            "url": "http://neomorph.salk.edu/dap_web/pages/browse_table_aj.php?AGI=ERF115",
            "pwm": [
              [0.0267481, 0.769529, 0.111876, 0.0918462], 
              [0.0818309, 0.879695, 0.0133957, 0.0250794], 
              [0.108537, 4.18962e-05, 0.829619, 0.0618013], 
              [0.0133953, 0.928101, 0.0417709, 0.0167328], 
              [0.0234097, 0.976507, 4.18962e-05, 4.15623e-05], 
              [0.0834996, 4.18962e-05, 0.888041, 0.0284178], 
              [0.00838717, 0.711108, 0.0133957, 0.267109], 
              [0.218703, 0.677725, 0.0083875, 0.0951847], 
              [0.419004, 0.0117259, 0.40732, 0.161952], 
              [0.0784925, 0.584251, 0.0250797, 0.312176], 
              [0.191997, 0.614296, 0.0334253, 0.160282], 
              [0.186988, 0.0167331, 0.575906, 0.220372], 
              [0.0501162, 0.7495, 0.02341, 0.176974], 
              [0.0951847, 0.7278, 0.0551247, 0.121891], 
              [0.212026, 0.0618016, 0.600944, 0.12523]
            ]
          }, {
            "db": 0,
            "id": "AP2EREBP_tnt.ERF115_colamp_a_m1",
            "alt": "ERF115",
            "len": 15,
            "nsites": 598,
            "evalue": "2.5e-1150",
            "url": "http://neomorph.salk.edu/dap_web/pages/browse_table_aj.php?AGI=ERF115",
            "pwm": [
              [0.2291, 0.100359, 0.566837, 0.103703], 
              [0.284275, 0.419704, 0.0652481, 0.230772], 
              [0.329418, 0.0685925, 0.369545, 0.232444], 
              [0.469863, 0.0167612, 0.37289, 0.140486], 
              [0.137143, 0.26254, 0.0150894, 0.585228], 
              [0.0986871, 0.00505813, 0.563493, 0.332762], 
              [0.294306, 0.0150894, 0.663811, 0.0267932], 
              [4.16318e-05, 0.991515, 4.19662e-05, 0.00840123], 
              [4.16318e-05, 4.19662e-05, 0.983156, 0.0167608], 
              [4.16318e-05, 4.19662e-05, 0.999875, 4.16318e-05], 
              [0.00505779, 0.979811, 4.19662e-05, 0.0150891], 
              [0.0134174, 0.00840157, 0.871133, 0.107047], 
              [0.0752801, 0.195661, 0.70561, 0.0234487], 
              [0.319386, 0.506646, 0.041841, 0.132127], 
              [0.123767, 0.0435127, 0.677187, 0.155534]
            ]
          }, {
            "db": 0,
            "id": "AP2EREBP_tnt.ERF11_col_b_m1",
            "alt": "ERF11",
            "len": 15,
            "nsites": 596,
            "evalue": "6.0e-1111",
            "url": "http://neomorph.salk.edu/dap_web/pages/browse_table_aj.php?AGI=ERF11",
            "pwm": [
              [0.130892, 0.510024, 0.134248, 0.224836], 
              [0.197996, 0.530154, 0.0637894, 0.208061], 
              [0.31878, 0.130892, 0.241613, 0.308715], 
              [0.082243, 0.54693, 0.124182, 0.246644], 
              [0.0889529, 0.840505, 0.00675198, 0.0637891], 
              [0.13928, 0.00507526, 0.535187, 0.320458], 
              [0.00675165, 0.87909, 0.0906309, 0.0235278], 
              [0.0184947, 0.979744, 0.00171983, 4.17715e-05], 
              [0.0419807, 4.2107e-05, 0.957935, 4.17715e-05], 
              [4.17715e-05, 0.962968, 0.0151406, 0.0218501], 
              [4.17715e-05, 0.999874, 4.2107e-05, 4.17715e-05], 
              [0.0654668, 4.2107e-05, 0.907608, 0.0268833], 
              [0.0117848, 0.588869, 0.0134629, 0.385883], 
              [0.189607, 0.592225, 0.0403034, 0.177864], 
              [0.528476, 0.0335935, 0.22987, 0.208061]
            ]
          }, {
            "db": 0,
            "id": "AP2EREBP_tnt.ERF11_colamp_a_m1",
            "alt": "ERF11",
            "len": 20,
            "nsites": 569,
            "evalue": "7.0e-1122",
            "url": "http://neomorph.salk.edu/dap_web/pages/browse_table_aj.php?AGI=ERF11",
            "pwm": [
              [0.274161, 0.133589, 0.37959, 0.21266], 
              [0.328633, 0.130074, 0.367291, 0.174002], 
              [0.36729, 0.217932, 0.13886, 0.275918], 
              [0.411219, 0.0773595, 0.216175, 0.295247], 
              [0.493806, 0.063302, 0.242532, 0.20036], 
              [0.131831, 0.258347, 4.41047e-05, 0.609779], 
              [0.0527585, 4.41047e-05, 0.818881, 0.128316], 
              [0.277675, 0.00531518, 0.673037, 0.043973], 
              [4.37533e-05, 0.999868, 4.41047e-05, 4.37533e-05], 
              [4.37533e-05, 4.41047e-05, 0.998112, 0.00180044], 
              [4.37533e-05, 4.41047e-05, 0.999868, 4.37533e-05], 
              [4.37533e-05, 0.998112, 4.41047e-05, 0.00180044], 
              [0.00882921, 4.41047e-05, 0.892681, 0.0984445], 
              [0.0949301, 0.216175, 0.613293, 0.0756015], 
              [0.300518, 0.339177, 0.0931737, 0.267132], 
              [0.186303, 0.0562732, 0.572878, 0.184545], 
              [0.270646, 0.140617, 0.428791, 0.159946], 
              [0.335662, 0.263618, 0.158188, 0.242532], 
              [0.282947, 0.105474, 0.391891, 0.219689], 
              [0.307547, 0.159946, 0.333904, 0.198603]
            ]
          }, {
            "db": 0,
            "id": "AP2EREBP_tnt.ERF13_colamp_a_m1",
            "alt": "ERF13",
            "len": 15,
            "nsites": 578,
            "evalue": "4.3e-997",
            "url": "http://neomorph.salk.edu/dap_web/pages/browse_table_aj.php?AGI=ERF13",
            "pwm": [
              [0.313138, 0.292381, 0.105561, 0.28892], 
              [0.418656, 0.0934533, 0.230108, 0.257783], 
              [0.524173, 0.0848038, 0.269893, 0.121129], 
              [0.173023, 0.347734, 0.0104226, 0.46882], 
              [0.00523217, 4.34181e-05, 0.994681, 4.30721e-05], 
              [0.0882628, 4.34181e-05, 0.837269, 0.0744242], 
              [0.00177277, 0.998141, 4.34181e-05, 4.30721e-05], 
              [4.30721e-05, 4.34181e-05, 0.991221, 0.00869258], 
              [0.00350247, 4.34181e-05, 0.996411, 4.30721e-05], 
              [4.30721e-05, 0.998141, 4.34181e-05, 0.00177277], 
              [0.00869258, 0.0536671, 0.531094, 0.406547], 
              [0.268163, 0.192052, 0.498227, 0.0415579], 
              [0.37368, 0.269893, 0.110751, 0.245676], 
              [0.219728, 0.100372, 0.441143, 0.238756], 
              [0.233567, 0.134968, 0.463631, 0.167834]
            ]
          }, {
            "db": 0,
            "id": "AP2EREBP_tnt.ERF15_col_m1",
            "alt": "ERF15",
            "len": 15,
            "nsites": 596,
            "evalue": "2.9e-1150",
            "url": "http://neomorph.salk.edu/dap_web/pages/browse_table_aj.php?AGI=ERF15",
            "pwm": [
              [0.184575, 0.494925, 0.127538, 0.192962], 
              [0.283551, 0.134248, 0.323814, 0.258387], 
              [0.12586, 0.548608, 0.0855978, 0.239935], 
              [0.187929, 0.562029, 0.0151406, 0.234901], 
              [0.303682, 0.0755324, 0.288585, 0.332201], 
              [0.040303, 0.619066, 0.115795, 0.224836], 
              [0.261743, 0.724753, 0.0134629, 4.17715e-05], 
              [0.0587569, 4.2107e-05, 0.922706, 0.0184947], 
              [4.17715e-05, 0.999874, 4.2107e-05, 4.17715e-05], 
              [0.040303, 0.959613, 4.2107e-05, 4.17715e-05], 
              [0.0268833, 4.2107e-05, 0.964645, 0.00842936], 
              [4.17715e-05, 0.956258, 4.2107e-05, 0.0436585], 
              [0.00339721, 0.994841, 4.2107e-05, 0.00171949], 
              [0.348976, 4.2107e-05, 0.540219, 0.110761], 
              [0.0436585, 0.556996, 0.0554018, 0.343944]
            ]
          }, {
            "db": 0,
            "id": "AP2EREBP_tnt.ERF1_colamp_a_d1",
            "alt": "ERF1",
            "len": 8,
            "nsites": 773,
            "evalue": "1.0e-287",
            "url": "http://neomorph.salk.edu/dap_web/pages/browse_table_aj.php?AGI=ERF1",
            "pwm": [
              [0.173361, 0.448874, 3.24667e-05, 0.377732], 
              [3.2208e-05, 3.24667e-05, 0.999903, 3.2208e-05], 
              [3.2208e-05, 3.24667e-05, 0.999903, 3.2208e-05], 
              [3.2208e-05, 0.999903, 3.24667e-05, 3.2208e-05], 
              [3.2208e-05, 3.24667e-05, 0.999903, 3.2208e-05], 
              [3.2208e-05, 3.24667e-05, 0.999903, 3.2208e-05], 
              [3.2208e-05, 0.999903, 3.24667e-05, 3.2208e-05], 
              [3.2208e-05, 3.24667e-05, 0.597626, 0.402309]
            ]
          }, {
            "db": 0,
