<!DOCTYPE HTML>
<html>
  <head>
    <meta charset="UTF-8">
    <title>Tomtom Results</title>
    <script>
      // @JSON_VAR data
      var data = {
        "program": "Tomtom",
        "version": "5.5.6",
        "release": "Wed Jun 19 13:59:04 2024 -0700",
        "cmd": [
          "tomtom", "-o",
          "tomtom_results_DO8_108_endmodel.pth_euc_q_value/ABA_JA_up_tomtom_output",
          "-eps", "-png", "-thresh", "0.05", "-dist", "ed",
          "results_DO8_108_endmodel.pth/ABA_JA_up_meme_output/meme.html",
          "ARABD/ArabidopsisDAPv1.meme", "ARABD/ArabidopsisPBM_20140210.meme"
        ],
        "options": {
          "strands": "both",
          "distance_measure": "ed",
          "threshold_type": "qvalue",
          "threshold_value": 0.05,
          "background_source": "--query--"
        },
        "alphabet": {
          "name": "DNA",
          "like": "dna",
          "ncore": 4,
          "symbols": [
            {
              "symbol": "A",
              "name": "Adenine",
              "colour": "CC0000",
              "complement": "T"
            }, {
              "symbol": "C",
              "name": "Cytosine",
              "colour": "0000CC",
              "complement": "G"
            }, {
              "symbol": "G",
              "name": "Guanine",
              "colour": "FFB300",
              "complement": "C"
            }, {
              "symbol": "T",
              "aliases": "U",
              "name": "Thymine",
              "colour": "008000",
              "complement": "A"
            }, {
              "symbol": "N",
              "aliases": "X.",
              "name": "Any base",
              "equals": "ACGT"
            }, {
              "symbol": "V",
              "name": "Not T",
              "equals": "ACG"
            }, {
              "symbol": "H",
              "name": "Not G",
              "equals": "ACT"
            }, {
              "symbol": "D",
              "name": "Not C",
              "equals": "AGT"
            }, {
              "symbol": "B",
              "name": "Not A",
              "equals": "CGT"
            }, {
              "symbol": "M",
              "name": "Amino",
              "equals": "AC"
            }, {
              "symbol": "R",
              "name": "Purine",
              "equals": "AG"
            }, {
              "symbol": "W",
              "name": "Weak",
              "equals": "AT"
            }, {
              "symbol": "S",
              "name": "Strong",
              "equals": "CG"
            }, {
              "symbol": "Y",
              "name": "Pyrimidine",
              "equals": "CT"
            }, {
              "symbol": "K",
              "name": "Keto",
              "equals": "GT"
            }
          ]
        },
        "background": [0.2505, 0.2495, 0.2495, 0.2505],
        "query_dbs": [
          {
            "source": "results_DO8_108_endmodel.pth/ABA_JA_up_meme_output/meme.html",
            "name": "meme.html",
            "loaded": 3,
            "excluded": 0,
            "last_modified": "Mon Sep 16 14:01:20 2024"
          }
        ],
        "target_dbs": [
          {
            "source": "ARABD/ArabidopsisDAPv1.meme",
            "name": "ArabidopsisDAPv1",
            "loaded": 872,
            "excluded": 0,
            "last_modified": "Wed Jan 10 00:02:14 2024"
          }, {
            "source": "ARABD/ArabidopsisPBM_20140210.meme",
            "name": "ArabidopsisPBM_20140210",
            "loaded": 113,
            "excluded": 0,
            "last_modified": "Wed Jan 10 00:02:15 2024"
          }
        ],
        "queries": [
          {
            "db": 0,
            "id": "AAAAAAAADAAA",
            "alt": "MEME-3",
            "len": 12,
            "nsites": 229,
            "evalue": "1.1e-023",
            "pwm": [
              [0.724684, 0.000108904, 0.000108904, 0.275098], 
              [0.938565, 0.000108904, 0.000108904, 0.0612177], 
              [0.90801, 0.000108904, 0.0917719, 0.000109341], 
              [0.956024, 0.0219334, 0.000108904, 0.0219338], 
              [0.624291, 0.109231, 0.0481229, 0.218355], 
              [0.859996, 0.000108904, 0.0175683, 0.122327], 
              [0.759603, 0.004474, 0.0306636, 0.20526], 
              [0.798888, 0.144151, 0.0262985, 0.030664], 
              [0.406046, 0.0350277, 0.218355, 0.340572], 
              [0.925469, 0.000108904, 0.000108904, 0.0743129], 
              [0.545723, 0.17907, 0.0655823, 0.209625], 
              [0.947294, 0.052488, 0.000108904, 0.000109341]
            ]
          }, {
            "db": 0,
            "id": "GACACGTGKC",
            "alt": "MEME-1",
            "len": 10,
            "nsites": 500,
            "evalue": "2.9e-105",
            "pwm": [
              [0.25, 0.146021, 0.507948, 0.0960309], 
              [0.569936, 0.240002, 0.0380423, 0.15202], 
              [5.009e-05, 0.99985, 4.989e-05, 5.009e-05], 
              [0.99985, 4.989e-05, 4.989e-05, 5.009e-05], 
              [5.009e-05, 0.99985, 4.989e-05, 5.009e-05], 
              [5.009e-05, 4.989e-05, 0.99985, 5.009e-05], 
              [5.009e-05, 4.989e-05, 4.989e-05, 0.99985], 
              [0.0120477, 4.989e-05, 0.987852, 5.009e-05], 
              [0.0680365, 0.118026, 0.393971, 0.419966], 
              [0.186013, 0.725905, 0.0680363, 0.0200461]
            ]
          }, {
            "db": 0,
            "id": "TWTTTWTTTTTT",
            "alt": "MEME-2",
            "len": 12,
            "nsites": 343,
            "evalue": "4.7e-040",
            "pwm": [
              [0.102084, 0.00590202, 7.27193e-05, 0.891941], 
              [0.323594, 0.0467061, 0.0292192, 0.600481], 
              [0.16329, 7.27193e-05, 0.0146455, 0.82199], 
              [0.134145, 7.27193e-05, 0.00881617, 0.856966], 
              [0.037963, 0.0350475, 7.27193e-05, 0.926917], 
              [0.486811, 0.0408768, 0.186607, 0.285704], 
              [0.00590231, 0.0321334, 0.043792, 0.918172], 
              [0.195351, 0.119572, 0.0146455, 0.670432], 
              [0.265302, 7.27193e-05, 0.00590202, 0.728724], 
              [0.13123, 7.27193e-05, 0.064194, 0.804503], 
              [0.137059, 7.27193e-05, 0.0554506, 0.807418], 
              [0.174949, 7.27193e-05, 0.00881617, 0.816162]
            ]
          }
        ],
        "targets": [
          {
            "db": 0,
            "id": "ABI3VP1_tnt.AT5G60130_col_a_m1",
            "alt": "AT5G60130",
            "len": 19,
            "nsites": 600,
            "evalue": "4.9e-949",
            "url": "http://neomorph.salk.edu/dap_web/pages/browse_table_aj.php?AGI=AT5G60130",
            "pwm": [
              [0.701592, 0.0517, 0.138352, 0.108357], 
              [0.773246, 0.0300366, 0.0950257, 0.101692], 
              [0.0350359, 0.0200382, 0.896559, 0.0483667], 
              [0.201675, 0.459965, 0.213339, 0.125021], 
              [0.886561, 0.0317033, 0.0550324, 0.0267043], 
              [0.8499, 0.0017083, 0.0400349, 0.108357], 
              [0.788243, 4.15764e-05, 0.0150391, 0.196676], 
              [0.626604, 0.0367025, 0.0433674, 0.293326], 
              [0.361648, 0.195009, 0.136686, 0.306658], 
              [0.368313, 0.264997, 0.120022, 0.246668], 
              [0.248333, 0.133352, 0.145017, 0.473296], 
              [0.72992, 0.0367025, 0.140018, 0.0933592], 
              [0.834903, 0.0100399, 0.0400349, 0.115023], 
              [0.0217051, 4.15764e-05, 0.938218, 0.0400351], 
              [0.19001, 0.439968, 0.258332, 0.11169], 
              [0.899892, 0.0400349, 0.0183715, 0.0417018], 
              [0.861565, 0.0250374, 0.0417016, 0.0716968], 
              [0.794909, 0.0300366, 0.0183715, 0.156683], 
              [0.643268, 0.0400349, 0.0433674, 0.273329]
            ]
          }, {
            "db": 0,
            "id": "ABI3VP1_tnt.AT5G60130_colamp_a_m1",
            "alt": "AT5G60130",
            "len": 21,
            "nsites": 155,
            "evalue": "1.4e-453",
            "url": "http://neomorph.salk.edu/dap_web/pages/browse_table_aj.php?AGI=AT5G60130",
            "pwm": [
              [0.309639, 0.0775299, 0.258059, 0.354772], 
              [0.174243, 0.000160864, 0.000160864, 0.825435], 
              [0.0839784, 0.0066087, 0.0066087, 0.902805], 
              [0.0581891, 0.0195034, 0.0066087, 0.9157], 
              [0.000161509, 0.000160864, 0.000160864, 0.999517], 
              [0.0646359, 0.245164, 0.561089, 0.12911], 
              [0.0130562, 0.915699, 0.000160864, 0.0710838], 
              [0.0323987, 0.0452927, 0.000160864, 0.922148], 
              [0.0259509, 0.0775299, 0.0195034, 0.877015], 
              [0.696486, 0.0775299, 0.0646353, 0.161348], 
              [0.270955, 0.0388459, 0.12911, 0.56109], 
              [0.303192, 0.12911, 0.264506, 0.303192], 
              [0.154901, 0.000160864, 0.0259502, 0.818988], 
              [0.103321, 0.000160864, 0.0259502, 0.870568], 
              [0.019504, 0.000160864, 0.0066087, 0.973727], 
              [0.0130562, 0.000160864, 0.000160864, 0.986622], 
              [0.0517412, 0.116215, 0.780303, 0.0517412], 
              [0.019504, 0.915699, 0.000160864, 0.0646359], 
              [0.0130562, 0.0195034, 0.0130555, 0.954385], 
              [0.0323987, 0.1549, 0.0130555, 0.799646], 
              [0.657802, 0.109767, 0.0775299, 0.154901]
            ]
          }, {
            "db": 0,
            "id": "ABI3VP1_tnt.VRN1_col_a_m1",
            "alt": "VRN1",
            "len": 29,
            "nsites": 575,
            "evalue": "4.9e-3494",
            "url": "http://neomorph.salk.edu/dap_web/pages/browse_table_aj.php?AGI=VRN1",
            "pwm": [
              [0.196531, 0.106112, 0.102635, 0.594723], 
              [0.177404, 0.132194, 0.0748134, 0.615589], 
              [0.19827, 0.102635, 0.0661189, 0.632976], 
              [0.0748136, 0.0817682, 0.170449, 0.67297], 
              [0.116545, 0.102635, 0.0174314, 0.763389], 
              [0.083507, 0.00873787, 0.0678576, 0.839897], 
              [0.0174315, 0.0904627, 0.0382977, 0.853808], 
              [0.0400366, 0.0313419, 0.0313419, 0.897279], 
              [0.060903, 4.33838e-05, 0.0400364, 0.899017], 
              [0.0156928, 0.0261258, 4.33838e-05, 0.958138], 
              [4.35576e-05, 4.33838e-05, 0.0243872, 0.975526], 
              [0.0104767, 0.0261258, 4.33838e-05, 0.963354], 
              [0.0104767, 0.00699917, 0.00873787, 0.973787], 
              [0.00352095, 0.00699917, 0.0174314, 0.972049], 
              [0.0139541, 4.33838e-05, 0.013954, 0.972049], 
              [0.0174315, 0.00873787, 4.33838e-05, 0.973787], 
              [4.35576e-05, 0.0122153, 4.33838e-05, 0.987698], 
              [4.35576e-05, 0.013954, 4.33838e-05, 0.985959], 
              [4.35576e-05, 0.00352078, 0.00699917, 0.989436], 
              [0.00352095, 4.33838e-05, 0.0104766, 0.985959], 
              [4.35576e-05, 4.33838e-05, 4.33838e-05, 0.99987], 
              [4.35576e-05, 0.00525948, 4.33838e-05, 0.994654], 
              [4.35576e-05, 4.33838e-05, 4.33838e-05, 0.99987], 
              [0.00763524, 0.000276343, 0.00375374, 0.988335], 
              [4.35576e-05, 0.0296032, 0.00873787, 0.961615], 
              [0.00525965, 0.0174314, 0.0626415, 0.914667], 
              [0.0574246, 4.33838e-05, 0.33216, 0.610372], 
              [0.121761, 0.0296032, 0.163493, 0.685141], 
              [0.145003, 0.360214, 0.23154, 0.263243]
            ]
          }, {
            "db": 0,
            "id": "ABI3VP1_tnt.VRN1_colamp_a_m1",
            "alt": "VRN1",
            "len": 19,
            "nsites": 373,
            "evalue": "8.8e-964",
            "url": "http://neomorph.salk.edu/dap_web/pages/browse_table_aj.php?AGI=VRN1",
            "pwm": [
              [0.227888, 0.329737, 0.284173, 0.158202], 
              [0.396744, 0.00542744, 0.010788, 0.587041], 
              [0.0054277, 0.198405, 0.434266, 0.3619], 
              [0.147481, 0.14748, 0.131399, 0.57364], 
              [0.0670732, 0.010788, 0.0536715, 0.868467], 
              [6.71402e-05, 0.00542744, 0.0188288, 0.975677], 
              [6.71402e-05, 6.68722e-05, 0.0134683, 0.986398], 
              [6.71402e-05, 6.68722e-05, 0.0188288, 0.981037], 
              [6.71402e-05, 6.68722e-05, 6.68722e-05, 0.999799], 
              [6.71402e-05, 0.010788, 0.00542744, 0.983717], 
              [6.71402e-05, 6.68722e-05, 0.0134683, 0.986398], 
              [6.71402e-05, 6.68722e-05, 0.00810772, 0.991758], 
              [6.71402e-05, 0.0375908, 0.0697532, 0.892589], 
              [6.71402e-05, 0.115318, 0.1448, 0.739815], 
              [0.0107883, 0.131399, 0.117997, 0.739815], 
              [0.0241897, 0.109957, 0.120678, 0.745175], 
              [0.0161488, 0.120678, 0.227888, 0.635286], 
              [0.115318, 0.107277, 0.3619, 0.415506], 
              [0.123358, 0.211806, 0.278812, 0.386023]
            ]
          }, {
            "db": 0,
            "id": "BES1_tnt.BAM8_col_a_m1",
            "alt": "BAM8",
            "len": 15,
            "nsites": 600,
            "evalue": "6.9e-1560",
            "url": "http://neomorph.salk.edu/dap_web/pages/browse_table_aj.php?AGI=BAM8",
            "pwm": [
              [0.0566993, 0.343317, 0.00837319, 0.59161], 
              [0.0317035, 0.83157, 0.0700299, 0.0666976], 
              [0.694926, 0.0616983, 0.23167, 0.0117068], 
              [4.1743e-05, 0.998208, 4.15764e-05, 0.00170847], 
              [0.998208, 4.15764e-05, 0.0017083, 4.1743e-05], 
              [0.00337419, 0.996542, 4.15764e-05, 4.1743e-05], 
              [4.1743e-05, 4.15764e-05, 0.999875, 4.1743e-05], 
              [4.1743e-05, 0.0167058, 4.15764e-05, 0.983211], 
              [0.0217051, 4.15764e-05, 0.974879, 0.00337419], 
              [0.0483667, 0.406641, 0.0200382, 0.524954], 
              [0.140018, 0.401642, 0.413306, 0.0450342], 
              [0.491627, 0.121688, 0.155016, 0.23167], 
              [0.4483, 0.165014, 0.205007, 0.181678], 
              [0.278328, 0.324987, 0.166681, 0.230003], 
              [0.161682, 0.216672, 0.185011, 0.436636]
            ]
          }, {
            "db": 0,
            "id": "BES1_tnt.BAM8_colamp_a_m1",
            "alt": "BAM8",
            "len": 15,
            "nsites": 590,
            "evalue": "3.0e-1431",
            "url": "http://neomorph.salk.edu/dap_web/pages/browse_table_aj.php?AGI=BAM8",
            "pwm": [
              [0.352525, 0.247458, 0.222039, 0.177978], 
              [0.255931, 0.223733, 0.281351, 0.238985], 
              [0.113582, 0.218649, 0.19323, 0.474538], 
              [0.213565, 0.147475, 0.122056, 0.516904], 
              [0.0746058, 0.454202, 0.294907, 0.176284], 
              [0.501652, 4.2281e-05, 0.48979, 0.00851601], 
              [4.24504e-05, 0.955812, 4.2281e-05, 0.044103], 
              [0.999873, 4.2281e-05, 4.2281e-05, 4.24504e-05], 
              [4.24504e-05, 0.999873, 4.2281e-05, 4.24504e-05], 
              [4.24504e-05, 4.2281e-05, 0.999873, 4.24504e-05], 
              [4.24504e-05, 0.00343171, 4.2281e-05, 0.996484], 
              [4.24504e-05, 4.2281e-05, 0.999873, 4.24504e-05], 
              [0.0627438, 0.137307, 0.0746056, 0.725344], 
              [0.03224, 0.272877, 0.672809, 0.0220727], 
              [0.537239, 0.0119043, 0.318632, 0.132223]
            ]
          }, {
            "db": 0,
            "id": "BZR_tnt.At1g78700_col_a_m1",
            "alt": "At1g78700",
            "len": 11,
            "nsites": 598,
            "evalue": "2.2e-1466",
            "url": "http://neomorph.salk.edu/dap_web/pages/browse_table_aj.php?AGI=At1g78700",
            "pwm": [
              [4.18826e-05, 0.541757, 0.0067296, 0.451471], 
              [0.26254, 0.00171344, 0.735705, 4.18826e-05], 
              [4.18826e-05, 0.999875, 4.17154e-05, 4.18826e-05], 
              [0.999875, 4.17154e-05, 4.17154e-05, 4.18826e-05], 
              [4.18826e-05, 0.999875, 4.17154e-05, 4.18826e-05], 
              [4.18826e-05, 4.17154e-05, 0.999875, 4.18826e-05], 
              [0.00338532, 4.17154e-05, 4.17154e-05, 0.996531], 
              [4.18826e-05, 4.17154e-05, 0.999875, 4.18826e-05], 
              [0.0217772, 0.220741, 0.10872, 0.648762], 
              [0.15219, 0.147174, 0.610308, 0.0903278], 
              [0.319386, 0.199005, 0.326074, 0.155534]
            ]
          }, {
            "db": 0,
            "id": "BZR_tnt.At1g78700_colamp_a_m1",
            "alt": "At1g78700",
            "len": 15,
            "nsites": 140,
            "evalue": "5.9e-274",
            "url": "http://neomorph.salk.edu/dap_web/pages/browse_table_aj.php?AGI=At1g78700",
            "pwm": [
              [0.15721, 0.328515, 0.27855, 0.235725], 
              [0.0501431, 0.549786, 0.0430045, 0.357067], 
              [0.342791, 0.0358666, 0.621164, 0.000178801], 
              [0.000178801, 0.999464, 0.000178087, 0.000178801], 
              [0.999465, 0.000178087, 0.000178087, 0.000178801], 
              [0.000178801, 0.999464, 0.000178087, 0.000178801], 
              [0.000178801, 0.000178087, 0.999464, 0.000178801], 
              [0.000178801, 0.000178087, 0.000178087, 0.999465], 
              [0.000178801, 0.000178087, 0.999464, 0.000178801], 
              [0.0929695, 0.18576, 0.0501424, 0.671129], 
              [0.0715568, 0.164347, 0.642576, 0.121521], 
              [0.264276, 0.200035, 0.235724, 0.299965], 
              [0.428444, 0.171485, 0.207173, 0.192898], 
              [0.121521, 0.192897, 0.214311, 0.471271], 
              [0.150072, 0.192897, 0.200035, 0.456996]
            ]
          }, {
            "db": 0,
            "id": "BZR_tnt.At4g18890_col_a_m1",
            "alt": "At4g18890",
            "len": 11,
            "nsites": 590,
            "evalue": "1.3e-1334",
            "url": "http://neomorph.salk.edu/dap_web/pages/browse_table_aj.php?AGI=At4g18890",
            "pwm": [
              [0.00512659, 0.540629, 0.0729109, 0.381334], 
              [0.303381, 0.0474922, 0.649085, 4.24504e-05], 
              [4.24504e-05, 0.998178, 4.2281e-05, 0.00173716], 
              [0.999873, 4.2281e-05, 4.2281e-05, 4.24504e-05], 
              [4.24504e-05, 0.999873, 4.2281e-05, 4.24504e-05], 
              [0.00173716, 4.2281e-05, 0.998178, 4.24504e-05], 
              [0.00173716, 4.2281e-05, 4.2281e-05, 0.998178], 
              [4.24504e-05, 4.2281e-05, 0.999873, 4.24504e-05], 
              [0.0864688, 0.125445, 0.10172, 0.686367], 
              [0.10172, 0.23729, 0.572826, 0.0881635], 
              [0.405059, 0.154253, 0.303381, 0.137307]
            ]
          }, {
            "db": 0,
            "id": "BZR_tnt.At4g18890_colamp_a_m1",
            "alt": "At4g18890",
            "len": 11,
            "nsites": 304,
            "evalue": "2.3e-688",
            "url": "http://neomorph.salk.edu/dap_web/pages/browse_table_aj.php?AGI=At4g18890",
            "pwm": [
              [0.0198129, 0.513071, 0.0855799, 0.381536], 
              [0.273019, 0.00336996, 0.723528, 8.23742e-05], 
              [8.23742e-05, 0.996465, 8.20454e-05, 0.00337029], 
              [0.999754, 8.20454e-05, 8.20454e-05, 8.23742e-05], 
              [8.23742e-05, 0.999753, 8.20454e-05, 8.23742e-05], 
              [8.23742e-05, 8.20454e-05, 0.999753, 8.23742e-05], 
              [8.23742e-05, 8.20454e-05, 8.20454e-05, 0.999754], 
              [8.23742e-05, 8.20454e-05, 0.999753, 8.23742e-05], 
              [0.0395434, 0.180944, 0.115176, 0.664338], 
              [0.118464, 0.144771, 0.667625, 0.0691387], 
              [0.41442, 0.134906, 0.328921, 0.121753]
            ]
          }, {
            "db": 0,
            "id": "BZR_tnt.At4g36780_col_a_m1",
            "alt": "At4g36780",
            "len": 11,
            "nsites": 599,
            "evalue": "2.9e-1569",
            "url": "http://neomorph.salk.edu/dap_web/pages/browse_table_aj.php?AGI=At4g36780",
            "pwm": [
              [0.138583, 0.307169, 0.171966, 0.382282], 
              [0.0601318, 0.691078, 0.110207, 0.138583], 
              [0.677725, 0.120222, 0.176974, 0.0250796], 
              [4.18127e-05, 0.999875, 4.16458e-05, 4.18127e-05], 
              [0.998206, 4.16458e-05, 4.16458e-05, 0.00171053], 
              [4.18127e-05, 0.999875, 4.16458e-05, 4.18127e-05], 
              [4.18127e-05, 4.16458e-05, 0.999875, 4.18127e-05], 
              [4.18127e-05, 4.16458e-05, 4.16458e-05, 0.999875], 
              [4.18127e-05, 4.16458e-05, 0.999875, 4.18127e-05], 
              [4.18127e-05, 0.679394, 0.00171037, 0.318854], 
              [0.390628, 4.16458e-05, 0.609289, 4.18127e-05]
            ]
          }, {
            "db": 0,
            "id": "BZR_tnt.At4g36780_colamp_a_m1",
            "alt": "At4g36780",
            "len": 14,
            "nsites": 236,
            "evalue": "1.4e-558",
            "url": "http://neomorph.salk.edu/dap_web/pages/browse_table_aj.php?AGI=At4g36780",
            "pwm": [
              [0.228823, 0.21188, 0.110228, 0.449069], 
              [0.0424612, 0.686256, 0.110228, 0.161055], 
              [0.512601, 0.0509311, 0.415184, 0.0212831], 
              [0.000106099, 0.98274, 0.000105676, 0.0170479], 
              [0.999683, 0.000105676, 0.000105676, 0.000106099], 
              [0.000106099, 0.999682, 0.000105676, 0.000106099], 
              [0.000106099, 0.000105676, 0.999682, 0.000106099], 
              [0.000106099, 0.000105676, 0.000105676, 0.999683], 
              [0.000106099, 0.00857709, 0.986976, 0.0043413], 
              [0.000106099, 0.444832, 0.000105676, 0.554956], 
              [0.283884, 0.000105676, 0.703198, 0.0128127], 
              [0.152583, 0.415184, 0.317768, 0.114465], 
              [0.385536, 0.245765, 0.194938, 0.173762], 
              [0.0975228, 0.16529, 0.16529, 0.571898]
            ]
          }, {
            "db": 0,
            "id": "BZR_tnt.BZR1_col_a_m1",
            "alt": "BZR1",
            "len": 20,
            "nsites": 588,
            "evalue": "5.4e-1477",
            "url": "http://neomorph.salk.edu/dap_web/pages/browse_table_aj.php?AGI=BZR1",
            "pwm": [
              [0.16158, 0.442144, 0.222794, 0.173482], 
              [0.00684444, 0.882545, 0.00684427, 0.103766], 
              [0.59688, 0.0578556, 0.345222, 4.25948e-05], 
              [4.25948e-05, 0.977767, 4.24248e-05, 0.0221478], 
              [0.974367, 0.00174314, 0.00684427, 0.0170467], 
              [4.25948e-05, 0.999872, 4.24248e-05, 4.25948e-05], 
              [4.25948e-05, 4.24248e-05, 0.999872, 4.25948e-05], 
              [0.00854415, 4.24248e-05, 4.24248e-05, 0.991371], 
              [4.25948e-05, 4.24248e-05, 0.999872, 4.25948e-05], 
              [0.0187464, 0.47105, 0.0663581, 0.443845], 
              [0.362226, 0.0799608, 0.476151, 0.0816617], 
              [0.33672, 0.251701, 0.154778, 0.256802], 
              [0.280607, 0.287409, 0.193887, 0.238097], 
              [0.180284, 0.258501, 0.132673, 0.428541], 
              [0.188786, 0.290809, 0.226194, 0.294211], 
              [0.282308, 0.244899, 0.124171, 0.348622], 
              [0.239798, 0.268704, 0.166681, 0.324817], 
              [0.255101, 0.222794, 0.205789, 0.316316], 
              [0.278907, 0.258501, 0.144576, 0.318016], 
              [0.16328, 0.231296, 0.214292, 0.391132]
            ]
          }, {
            "db": 0,
            "id": "C2C2dof_tnt.AT1G69570_col_a_m1",
            "alt": "AT1G69570",
            "len": 27,
            "nsites": 596,
            "evalue": "4.8e-893",
            "url": "http://neomorph.salk.edu/dap_web/pages/browse_table_aj.php?AGI=AT1G69570",
            "pwm": [
              [0.219804, 0.20135, 0.0956638, 0.483182], 
              [0.231547, 0.142635, 0.104051, 0.521766], 
              [0.152701, 0.0855975, 0.137603, 0.624098], 
              [0.12586, 0.0705, 0.189607, 0.614033], 
              [0.114117, 0.441243, 0.0369487, 0.407692], 
              [0.583837, 0.120827, 0.135925, 0.159411], 
              [4.20231e-05, 0.999874, 4.18554e-05, 4.20231e-05], 
              [4.20231e-05, 0.0403031, 4.18554e-05, 0.959613], 
              [4.20231e-05, 0.00675173, 4.18554e-05, 0.993164], 
              [4.20231e-05, 4.18554e-05, 4.18554e-05, 0.999874], 
              [0.149346, 0.0352709, 0.0134626, 0.80192], 
              [0.134248, 0.172832, 0.100696, 0.592225], 
              [0.164444, 0.419434, 0.0990182, 0.317103], 
              [0.134248, 0.253355, 0.0503694, 0.562029], 
              [0.109084, 0.134247, 0.0352709, 0.721398], 
              [0.110761, 0.104051, 0.0419808, 0.743206], 
              [0.140958, 0.100696, 0.0570793, 0.701266], 
              [0.162767, 0.182897, 0.0604347, 0.593902], 
              [0.130892, 0.238257, 0.100696, 0.530154], 
              [0.191285, 0.184575, 0.0855975, 0.538543], 
              [0.122504, 0.167799, 0.114117, 0.59558], 
              [0.134248, 0.137603, 0.0939861, 0.634164], 
              [0.166121, 0.127537, 0.0872752, 0.619066], 
              [0.203028, 0.166121, 0.0990182, 0.531832], 
              [0.191285, 0.149346, 0.135925, 0.523444], 
              [0.224836, 0.164444, 0.122504, 0.488215], 
              [0.25671, 0.204706, 0.0805653, 0.458019]
            ]
          }, {
            "db": 0,
            "id": "C2C2dof_tnt.AT1G69570_colamp_a_m1",
            "alt": "AT1G69570",
            "len": 21,
            "nsites": 598,
            "evalue": "1.6e-663",
            "url": "http://neomorph.salk.edu/dap_web/pages/browse_table_aj.php?AGI=AT1G69570",
            "pwm": [
              [0.414689, 0.163894, 0.172254, 0.249164], 
              [0.476551, 0.135471, 0.155534, 0.232444], 
              [0.573525, 0.147174, 0.167238, 0.112063], 
              [0.573525, 0.100359, 0.143831, 0.182285], 
              [0.508318, 0.143831, 0.230772, 0.117079], 
              [0.521694, 0.112063, 0.157206, 0.209037], 
              [0.523365, 0.0936711, 0.244148, 0.138815], 
              [0.513334, 0.0853115, 0.247492, 0.153862], 
              [0.627027, 0.0635761, 0.135471, 0.173926], 
              [0.715641, 0.040169, 0.135471, 0.10872], 
              [0.667154, 0.0919993, 0.147174, 0.0936712], 
              [0.556805, 0.0953438, 0.220741, 0.127111], 
              [0.287619, 0.143831, 0.434752, 0.133799], 
              [0.585228, 0.130455, 0.153862, 0.130455], 
              [0.718986, 0.0267932, 0.0418407, 0.212381], 
              [0.999875, 4.17154e-05, 4.17154e-05, 4.18826e-05], 
              [0.999875, 4.17154e-05, 4.17154e-05, 4.18826e-05], 
              [0.979811, 4.17154e-05, 0.0201054, 4.18826e-05], 
              [4.18826e-05, 4.17154e-05, 0.999875, 4.18826e-05], 
              [0.0853116, 0.183957, 0.150519, 0.580213], 
              [0.33945, 0.040169, 0.488254, 0.132127]
            ]
          }, {
            "db": 0,
            "id": "C2C2dof_tnt.AT2G28810_col_a_m1",
            "alt": "AT2G28810",
            "len": 21,
            "nsites": 600,
            "evalue": "2.6e-647",
            "url": "http://neomorph.salk.edu/dap_web/pages/browse_table_aj.php?AGI=AT2G28810",
            "pwm": [
              [0.173346, 0.186677, 0.116689, 0.523288], 
              [0.175013, 0.215006, 0.101692, 0.50829], 
              [0.198342, 0.289993, 0.0833607, 0.428303], 
              [0.145018, 0.213339, 0.0583649, 0.583278], 
              [0.161682, 0.188343, 0.0650307, 0.584944], 
              [0.166681, 0.17168, 0.0650307, 0.596609], 
              [0.193343, 0.206674, 0.120022, 0.479962], 
              [0.188343, 0.183344, 0.100025, 0.528287], 
              [0.141685, 0.211673, 0.0716966, 0.574946], 
              [0.183344, 0.110023, 0.0966925, 0.60994], 
              [0.138352, 0.110023, 0.103357, 0.648267], 
              [0.0500334, 0.220005, 0.0317033, 0.698258], 
              [0.319988, 0.158348, 0.0700299, 0.451633], 
              [0.449967, 0.183344, 0.213339, 0.153349], 
              [4.1743e-05, 0.999875, 4.15764e-05, 4.1743e-05], 
              [4.1743e-05, 4.15764e-05, 4.15764e-05, 0.999875], 
              [4.1743e-05, 4.15764e-05, 4.15764e-05, 0.999875], 
              [4.1743e-05, 4.15764e-05, 4.15764e-05, 0.999875], 
              [0.216673, 0.0250374, 4.15764e-05, 0.758248], 
              [0.0983584, 0.0750291, 0.110023, 0.716589], 
              [0.14835, 0.261665, 0.251667, 0.338318]
            ]
          }, {
            "db": 0,
            "id": "C2C2dof_tnt.AT3G52440_colamp_a_m1",
            "alt": "AT3G52440",
            "len": 21,
            "nsites": 600,
            "evalue": "1.8e-595",
            "url": "http://neomorph.salk.edu/dap_web/pages/browse_table_aj.php?AGI=AT3G52440",
            "pwm": [
              [0.479962, 0.110023, 0.100025, 0.30999], 
              [0.441635, 0.118355, 0.121688, 0.318322], 
              [0.298325, 0.0983582, 0.248333, 0.354983], 
              [0.188343, 0.0883599, 0.211673, 0.511623], 
              [0.103358, 0.191677, 0.0800282, 0.624938], 
              [0.363314, 0.228337, 0.0433674, 0.364981], 
              [0.53162, 0.259998, 0.126687, 0.0816951], 
              [4.1743e-05, 0.999875, 4.15764e-05, 4.1743e-05], 
              [4.1743e-05, 0.0017083, 4.15764e-05, 0.998208], 
              [4.1743e-05, 4.15764e-05, 4.15764e-05, 0.999875], 
              [4.1743e-05, 4.15764e-05, 4.15764e-05, 0.999875], 
              [0.175013, 0.00337402, 4.15764e-05, 0.821572], 
              [0.0683634, 0.110023, 0.033369, 0.788243], 
              [0.200008, 0.274996, 0.274996, 0.25], 
              [0.240002, 0.276662, 0.131687, 0.35165], 
              [0.186678, 0.288327, 0.101692, 0.423304], 
              [0.161682, 0.213339, 0.116689, 0.50829], 
              [0.126688, 0.193342, 0.0916933, 0.588277], 
              [0.131687, 0.213339, 0.0766958, 0.578278], 
              [0.200008, 0.11169, 0.081695, 0.606608], 
              [0.206674, 0.138352, 0.0833607, 0.571613]
            ]
          }, {
            "db": 0,
            "id": "C2C2dof_tnt.AT5G02460_col_a_m1",
            "alt": "AT5G02460",
            "len": 21,
            "nsites": 515,
            "evalue": "2.2e-525",
            "url": "http://neomorph.salk.edu/dap_web/pages/browse_table_aj.php?AGI=AT5G02460",
            "pwm": [
              [0.421326, 0.167006, 0.225248, 0.18642], 
              [0.689235, 0.048583, 0.174772, 0.0874107], 
              [0.799893, 0.00781393, 0.0252865, 0.167006], 
              [0.994031, 4.84372e-05, 0.00199006, 0.00393088], 
              [0.980441, 4.84372e-05, 4.84372e-05, 0.0194619], 
              [0.900845, 0.00393068, 0.095176, 4.86313e-05], 
              [0.00393088, 4.84372e-05, 0.992089, 0.00393088], 
              [0.291254, 0.180596, 0.159241, 0.368909], 
              [0.594108, 0.0311104, 0.137886, 0.236896], 
              [0.716415, 4.84372e-05, 0.201951, 0.0815858], 
              [0.687294, 0.147593, 0.112648, 0.0524655], 
              [0.621287, 0.0757617, 0.192244, 0.110707], 
              [0.636818, 0.0388759, 0.155358, 0.168948], 
              [0.436857, 0.0718795, 0.289312, 0.201951], 
              [0.506746, 0.118472, 0.18642, 0.188362], 
              [0.63876, 0.0311104, 0.20001, 0.13012], 
              [0.677587, 4.84372e-05, 0.141769, 0.180597], 
              [0.669822, 0.0874105, 0.201951, 0.0408177], 
              [0.504805, 0.0524653, 0.213599, 0.22913], 
              [0.533926, 0.114589, 0.271841, 0.0796452], 
              [0.510629, 0.0757617, 0.231072, 0.182537]
            ]
          }, {
            "db": 0,
            "id": "C2C2dof_tnt.AT5G02460_colamp_a_m1",
            "alt": "AT5G02460",
            "len": 19,
            "nsites": 600,
            "evalue": "1.4e-432",
            "url": "http://neomorph.salk.edu/dap_web/pages/browse_table_aj.php?AGI=AT5G02460",
            "pwm": [
              [0.269997, 0.211673, 0.131687, 0.386644], 
              [0.261665, 0.135019, 0.121688, 0.481628], 
              [0.180012, 0.113356, 0.151683, 0.554949], 
              [0.0966926, 0.205007, 0.0300366, 0.668263], 
              [0.298325, 0.175012, 0.0467008, 0.479962], 
              [0.661598, 0.140018, 0.163347, 0.0350359], 
              [4.1743e-05, 0.999875, 4.15764e-05, 4.1743e-05], 
              [4.1743e-05, 0.00337402, 4.15764e-05, 0.996543], 
              [4.1743e-05, 4.15764e-05, 4.15764e-05, 0.999875], 
              [4.1743e-05, 4.15764e-05, 4.15764e-05, 0.999875], 
              [0.258332, 0.0017083, 0.0200382, 0.719922], 
              [0.058365, 0.0866941, 0.0683632, 0.786578], 
              [0.166681, 0.210007, 0.279995, 0.343318], 
              [0.206674, 0.176679, 0.218338, 0.398308], 
              [0.230003, 0.243334, 0.120022, 0.406641], 
              [0.20834, 0.166681, 0.160015, 0.464964], 
              [0.216673, 0.185011, 0.136686, 0.461632], 
              [0.271663, 0.19001, 0.110023, 0.428303], 
              [0.296659, 0.133352, 0.128353, 0.441635]
            ]
          }, {
            "db": 0,
            "id": "C2C2dof_tnt.AT5G66940_col_a_m1",
            "alt": "AT5G66940",
            "len": 29,
            "nsites": 597,
            "evalue": "8.9e-750",
            "url": "http://neomorph.salk.edu/dap_web/pages/browse_table_aj.php?AGI=AT5G66940",
            "pwm": [
              [0.252931, 0.194314, 0.120625, 0.432131], 
              [0.231159, 0.229484, 0.103877, 0.43548], 
              [0.221111, 0.159144, 0.155795, 0.463951], 
              [0.152445, 0.221111, 0.082105, 0.54434], 
              [0.175891, 0.237858, 0.070382, 0.515869], 
              [0.140722, 0.174217, 0.0687073, 0.616354], 
              [0.170867, 0.190965, 0.0553085, 0.582859], 
              [0.244557, 0.199338, 0.0620084, 0.494096], 
              [0.22446, 0.249581, 0.103877, 0.422082], 
              [0.179241, 0.308198, 0.0536338, 0.458926], 
              [0.107227, 0.232834, 0.0435855, 0.616354], 
              [0.149096, 0.0653578, 0.0536338, 0.731912], 
              [0.120625, 0.0737314, 0.058658, 0.746986], 
              [0.0335373, 0.194314, 0.0419108, 0.730238], 
              [0.18929, 0.175891, 0.0452602, 0.589558], 
              [0.485723, 0.132348, 0.179241, 0.202688], 
              [0.00171667, 0.979777, 0.016789, 0.00171667], 
              [0.00171667, 0.0352119, 0.0017165, 0.961355], 
              [4.19528e-05, 4.17853e-05, 4.17853e-05, 0.999874], 
              [4.19528e-05, 0.0017165, 4.17853e-05, 0.9982], 
              [0.175891, 0.0368866, 0.0017165, 0.785505], 
              [0.095503, 0.130673, 0.144072, 0.629752], 
              [0.204363, 0.231159, 0.201013, 0.363465], 
              [0.236183, 0.237858, 0.172542, 0.353417], 
              [0.222786, 0.180916, 0.102203, 0.494096], 
              [0.207712, 0.199338, 0.1156, 0.477349], 
              [0.180917, 0.179241, 0.135697, 0.504146], 
              [0.246232, 0.174217, 0.0904786, 0.489072], 
              [0.304849, 0.137372, 0.0837798, 0.474]
            ]
          }, {
            "db": 0,
            "id": "C2C2dof_tnt.AT5G66940_colamp_a_m1",
            "alt": "AT5G66940",
            "len": 21,
            "nsites": 600,
            "evalue": "6.5e-656",
            "url": "http://neomorph.salk.edu/dap_web/pages/browse_table_aj.php?AGI=AT5G66940",
            "pwm": [
              [0.210007, 0.166681, 0.180012, 0.443301], 
              [0.220005, 0.17168, 0.158348, 0.449967], 
              [0.216673, 0.188343, 0.116689, 0.478295], 
              [0.241668, 0.135019, 0.140018, 0.483294], 
              [0.161682, 0.110023, 0.146684, 0.581612], 
              [0.076696, 0.251667, 0.0550324, 0.616606], 
              [0.226671, 0.146684, 0.0250374, 0.601608], 
              [0.564948, 0.133352, 0.23167, 0.0700301], 
              [4.1743e-05, 0.999875, 4.15764e-05, 4.1743e-05], 
              [0.00170847, 0.00504074, 4.15764e-05, 0.993209], 
              [4.1743e-05, 4.15764e-05, 4.15764e-05, 0.999875], 
              [4.1743e-05, 4.15764e-05, 4.15764e-05, 0.999875], 
              [0.175013, 4.15764e-05, 4.15764e-05, 0.824904], 
              [0.08836, 0.116689, 0.101692, 0.693259], 
              [0.155016, 0.32832, 0.283327, 0.233336], 
              [0.175013, 0.304991, 0.135019, 0.384978], 
              [0.141685, 0.205007, 0.0983582, 0.554949], 
              [0.100025, 0.181678, 0.0900266, 0.62827], 
              [0.153349, 0.145017, 0.108357, 0.593276], 
              [0.155016, 0.193342, 0.126687, 0.524954], 
              [0.176679, 0.156682, 0.093359, 0.573279]
            ]
          }, {
            "db": 0,
            "id": "C2C2dof_tnt.Adof1_colamp_a_m1",
            "alt": "Adof1",
            "len": 21,
            "nsites": 591,
            "evalue": "1.2e-521",
            "url": "http://neomorph.salk.edu/dap_web/pages/browse_table_aj.php?AGI=Adof1",
            "pwm": [
              [0.531255, 0.0846299, 0.169219, 0.214896], 
              [0.421291, 0.126925, 0.258881, 0.192903], 
              [0.541406, 0.133692, 0.164143, 0.16076], 
              [0.532947, 0.0930895, 0.189519, 0.184444], 
              [0.450051, 0.120157, 0.211512, 0.218279], 
              [0.385764, 0.167527, 0.201362, 0.245348], 
              [0.225046, 0.291025, 0.316402, 0.167527], 
              [0.807013, 0.0575625, 0.0863216, 0.0491031], 
              [0.773178, 0.0372609, 0.0101925, 0.179369], 
              [0.999873, 4.22094e-05, 4.22094e-05, 4.23786e-05], 
              [0.999873, 4.22094e-05, 4.22094e-05, 4.23786e-05], 
              [0.989723, 4.22094e-05, 0.0101925, 4.23786e-05], 
              [4.23786e-05, 4.22094e-05, 0.999873, 4.23786e-05], 
              [0.0135761, 0.225046, 0.130308, 0.63107], 
              [0.548173, 0.0744796, 0.108315, 0.269033], 
              [0.642912, 0.0474112, 0.22843, 0.0812466], 
              [0.500804, 0.179369, 0.159067, 0.16076], 
              [0.45851, 0.157376, 0.128616, 0.255498], 
              [0.373921, 0.111698, 0.241964, 0.272416], 
              [0.402681, 0.187827, 0.159067, 0.250423], 
              [0.313018, 0.253806, 0.137075, 0.2961]
            ]
          }, {
            "db": 0,
            "id": "C2C2dof_tnt.At1g64620_100ng20cy_b_m1",
            "alt": "At1g64620",
            "len": 19,
            "nsites": 600,
            "evalue": "1.8e-531",
            "url": "http://neomorph.salk.edu/dap_web/pages/browse_table_aj.php?AGI=At1g64620",
            "pwm": [
              [0.504958, 0.0833607, 0.133352, 0.278328], 
              [0.424971, 0.106691, 0.181678, 0.286661], 
              [0.469963, 0.146684, 0.181678, 0.201675], 
              [0.498292, 0.11169, 0.175012, 0.215006], 
              [0.479962, 0.133352, 0.188343, 0.198342], 
              [0.354983, 0.185011, 0.228337, 0.23167], 
              [0.294993, 0.281662, 0.213339, 0.210007], 
              [0.844901, 0.0450341, 0.0783615, 0.0317035], 
              [0.854899, 4.15764e-05, 4.15764e-05, 0.145018], 
              [0.999875, 4.15764e-05, 4.15764e-05, 4.1743e-05], 
              [0.999875, 4.15764e-05, 4.15764e-05, 4.1743e-05], 
              [0.999875, 4.15764e-05, 4.15764e-05, 4.1743e-05], 
              [4.1743e-05, 4.15764e-05, 0.999875, 4.1743e-05], 
              [0.08836, 0.101692, 0.279995, 0.529953], 
              [0.38831, 0.0467008, 0.176679, 0.38831], 
              [0.676596, 0.021705, 0.20834, 0.0933592], 
              [0.624938, 0.0983582, 0.0833607, 0.193343], 
              [0.539952, 0.0966925, 0.105024, 0.258332], 
              [0.496626, 0.0850274, 0.13002, 0.288327]
            ]
          }, {
            "db": 0,
            "id": "C2C2dof_tnt.At3g45610_col_a_m1",
            "alt": "At3g45610",
            "len": 19,
            "nsites": 600,
            "evalue": "1.1e-621",
            "url": "http://neomorph.salk.edu/dap_web/pages/browse_table_aj.php?AGI=At3g45610",
            "pwm": [
