<!DOCTYPE HTML>
<html>
  <head>
    <meta charset="UTF-8">
    <title>Tomtom Results</title>
    <script>
      // @JSON_VAR data
      var data = {
        "program": "Tomtom",
        "version": "5.5.6",
        "release": "Wed Jun 19 13:59:04 2024 -0700",
        "cmd": [
          "tomtom", "-o",
          "tomtom_results_DO8_108_endmodel.pth_euc_q_value/JA_up_tomtom_output",
          "-eps", "-png", "-thresh", "0.05", "-dist", "ed",
          "results_DO8_108_endmodel.pth/JA_up_meme_output/meme.html",
          "ARABD/ArabidopsisDAPv1.meme", "ARABD/ArabidopsisPBM_20140210.meme"
        ],
        "options": {
          "strands": "both",
          "distance_measure": "ed",
          "threshold_type": "qvalue",
          "threshold_value": 0.05,
          "background_source": "--query--"
        },
        "alphabet": {
          "name": "DNA",
          "like": "dna",
          "ncore": 4,
          "symbols": [
            {
              "symbol": "A",
              "name": "Adenine",
              "colour": "CC0000",
              "complement": "T"
            }, {
              "symbol": "C",
              "name": "Cytosine",
              "colour": "0000CC",
              "complement": "G"
            }, {
              "symbol": "G",
              "name": "Guanine",
              "colour": "FFB300",
              "complement": "C"
            }, {
              "symbol": "T",
              "aliases": "U",
              "name": "Thymine",
              "colour": "008000",
              "complement": "A"
            }, {
              "symbol": "N",
              "aliases": "X.",
              "name": "Any base",
              "equals": "ACGT"
            }, {
              "symbol": "V",
              "name": "Not T",
              "equals": "ACG"
            }, {
              "symbol": "H",
              "name": "Not G",
              "equals": "ACT"
            }, {
              "symbol": "D",
              "name": "Not C",
              "equals": "AGT"
            }, {
              "symbol": "B",
              "name": "Not A",
              "equals": "CGT"
            }, {
              "symbol": "M",
              "name": "Amino",
              "equals": "AC"
            }, {
              "symbol": "R",
              "name": "Purine",
              "equals": "AG"
            }, {
              "symbol": "W",
              "name": "Weak",
              "equals": "AT"
            }, {
              "symbol": "S",
              "name": "Strong",
              "equals": "CG"
            }, {
              "symbol": "Y",
              "name": "Pyrimidine",
              "equals": "CT"
            }, {
              "symbol": "K",
              "name": "Keto",
              "equals": "GT"
            }
          ]
        },
        "background": [0.2525, 0.2475, 0.2475, 0.2525],
        "query_dbs": [
          {
            "source": "results_DO8_108_endmodel.pth/JA_up_meme_output/meme.html",
            "name": "meme.html",
            "loaded": 3,
            "excluded": 0,
            "last_modified": "Mon Sep 16 15:28:32 2024"
          }
        ],
        "target_dbs": [
          {
            "source": "ARABD/ArabidopsisDAPv1.meme",
            "name": "ArabidopsisDAPv1",
            "loaded": 872,
            "excluded": 0,
            "last_modified": "Wed Jan 10 00:02:14 2024"
          }, {
            "source": "ARABD/ArabidopsisPBM_20140210.meme",
            "name": "ArabidopsisPBM_20140210",
            "loaded": 113,
            "excluded": 0,
            "last_modified": "Wed Jan 10 00:02:15 2024"
          }
        ],
        "queries": [
          {
            "db": 0,
            "id": "CACGTG",
            "alt": "MEME-2",
            "len": 6,
            "nsites": 500,
            "evalue": "1.9e-094",
            "pwm": [
              [5.04899e-05, 0.99985, 4.94901e-05, 5.04899e-05], 
              [0.999851, 4.94901e-05, 4.94901e-05, 5.04899e-05], 
              [5.04899e-05, 0.99985, 4.94901e-05, 5.04899e-05], 
              [5.04899e-05, 4.94901e-05, 0.99985, 5.04899e-05], 
              [5.04899e-05, 4.94901e-05, 4.94901e-05, 0.999851], 
              [5.04899e-05, 4.94901e-05, 0.99985, 5.04899e-05]
            ]
          }, {
            "db": 0,
            "id": "RGACACGTGKC",
            "alt": "MEME-1",
            "len": 11,
            "nsites": 500,
            "evalue": "3.3e-289",
            "pwm": [
              [0.224006, 0.158018, 0.435962, 0.182014], 
              [0.20201, 0.232003, 0.551939, 0.0140477], 
              [0.655919, 0.29999, 0.0340427, 0.0100485], 
              [5.04899e-05, 0.99985, 4.94901e-05, 5.04899e-05], 
              [0.999851, 4.94901e-05, 4.94901e-05, 5.04899e-05], 
              [5.04899e-05, 0.99985, 4.94901e-05, 5.04899e-05], 
              [5.04899e-05, 4.94901e-05, 0.99985, 5.04899e-05], 
              [5.04899e-05, 4.94901e-05, 4.94901e-05, 0.999851], 
              [5.04899e-05, 4.94901e-05, 0.99985, 5.04899e-05], 
              [5.04899e-05, 4.94901e-05, 0.533943, 0.465957], 
              [0.0780349, 0.843881, 0.0780339, 5.04899e-05]
            ]
          }, {
            "db": 0,
            "id": "TTTTTTTTTTWT",
            "alt": "MEME-3",
            "len": 12,
            "nsites": 500,
            "evalue": "2.1e-089",
            "pwm": [
              [0.15202, 4.94901e-05, 4.94901e-05, 0.847881], 
              [0.271996, 0.0180459, 0.00204909, 0.707909], 
              [0.271996, 0.0480399, 4.94901e-05, 0.679915], 
              [0.0400425, 0.0360423, 0.0220451, 0.90187], 
              [0.15202, 0.00604829, 0.0600375, 0.781894], 
              [0.275995, 4.94901e-05, 4.94901e-05, 0.723906], 
              [0.206009, 0.0240447, 0.0320431, 0.737903], 
              [0.160018, 4.94901e-05, 0.126024, 0.713908], 
              [0.132024, 0.0200455, 0.114027, 0.733904], 
              [0.00804889, 4.94901e-05, 0.00204909, 0.989853], 
              [0.517947, 0.0340427, 0.0660363, 0.381974], 
              [0.0320441, 0.0140467, 4.94901e-05, 0.95386]
            ]
          }
        ],
        "targets": [
          {
            "db": 0,
            "id": "ABI3VP1_tnt.VRN1_col_a_m1",
            "alt": "VRN1",
            "len": 29,
            "nsites": 575,
            "evalue": "4.9e-3494",
            "url": "http://neomorph.salk.edu/dap_web/pages/browse_table_aj.php?AGI=VRN1",
            "pwm": [
              [0.196532, 0.106112, 0.102634, 0.594723], 
              [0.177404, 0.132194, 0.074813, 0.615589], 
              [0.19827, 0.102634, 0.0661185, 0.632977], 
              [0.0748139, 0.0817678, 0.170448, 0.67297], 
              [0.116546, 0.102634, 0.017431, 0.763389], 
              [0.0835074, 0.00873752, 0.0678572, 0.839898], 
              [0.0174319, 0.0904623, 0.0382974, 0.853808], 
              [0.040037, 0.0313416, 0.0313416, 0.897279], 
              [0.0609033, 4.3036e-05, 0.0400361, 0.899018], 
              [0.0156932, 0.0261255, 4.3036e-05, 0.958138], 
              [4.39054e-05, 4.3036e-05, 0.0243868, 0.975526], 
              [0.0104771, 0.0261255, 4.3036e-05, 0.963354], 
              [0.0104771, 0.00699883, 0.00873752, 0.973788], 
              [0.0035213, 0.00699883, 0.017431, 0.972049], 
              [0.0139545, 4.3036e-05, 0.0139536, 0.972049], 
              [0.0174319, 0.00873752, 4.3036e-05, 0.973788], 
              [4.39054e-05, 0.0122149, 4.3036e-05, 0.987698], 
              [4.39054e-05, 0.0139536, 4.3036e-05, 0.985959], 
              [4.39054e-05, 0.00352043, 0.00699883, 0.989437], 
              [0.0035213, 4.3036e-05, 0.0104762, 0.985959], 
              [4.39054e-05, 4.3036e-05, 4.3036e-05, 0.99987], 
              [4.39054e-05, 0.00525913, 4.3036e-05, 0.994654], 
              [4.39054e-05, 4.3036e-05, 4.3036e-05, 0.99987], 
              [0.00763559, 0.000275995, 0.00375339, 0.988335], 
              [4.39054e-05, 0.0296029, 0.00873752, 0.961616], 
              [0.00526, 0.017431, 0.0626411, 0.914668], 
              [0.0574249, 4.3036e-05, 0.332159, 0.610373], 
              [0.121762, 0.0296029, 0.163493, 0.685142], 
              [0.145004, 0.360213, 0.23154, 0.263243]
            ]
          }, {
            "db": 0,
            "id": "ABI3VP1_tnt.VRN1_colamp_a_m1",
            "alt": "VRN1",
            "len": 19,
            "nsites": 373,
            "evalue": "8.8e-964",
            "url": "http://neomorph.salk.edu/dap_web/pages/browse_table_aj.php?AGI=VRN1",
            "pwm": [
              [0.227889, 0.329737, 0.284172, 0.158202], 
              [0.396744, 0.0054269, 0.0107875, 0.587041], 
              [0.00542824, 0.198404, 0.434266, 0.361901], 
              [0.147481, 0.14748, 0.131398, 0.573641], 
              [0.0670737, 0.0107875, 0.053671, 0.868468], 
              [6.76762e-05, 0.0054269, 0.0188283, 0.975677], 
              [6.76762e-05, 6.63361e-05, 0.0134677, 0.986398], 
              [6.76762e-05, 6.63361e-05, 0.0188283, 0.981038], 
              [6.76762e-05, 6.63361e-05, 6.63361e-05, 0.9998], 
              [6.76762e-05, 0.0107875, 0.0054269, 0.983718], 
              [6.76762e-05, 6.63361e-05, 0.0134677, 0.986398], 
              [6.76762e-05, 6.63361e-05, 0.00810718, 0.991759], 
              [6.76762e-05, 0.0375903, 0.0697527, 0.892589], 
              [6.76762e-05, 0.115317, 0.1448, 0.739815], 
              [0.0107888, 0.131398, 0.117997, 0.739815], 
              [0.0241902, 0.109957, 0.120677, 0.745176], 
              [0.0161494, 0.120677, 0.227887, 0.635286], 
              [0.115319, 0.107277, 0.361899, 0.415506], 
              [0.123359, 0.211806, 0.278812, 0.386023]
            ]
          }, {
            "db": 0,
            "id": "BES1_tnt.BAM8_col_a_m1",
            "alt": "BAM8",
            "len": 15,
            "nsites": 600,
            "evalue": "6.9e-1560",
            "url": "http://neomorph.salk.edu/dap_web/pages/browse_table_aj.php?AGI=BAM8",
            "pwm": [
              [0.0566996, 0.343317, 0.00837285, 0.59161], 
              [0.0317038, 0.83157, 0.0700296, 0.066698], 
              [0.694926, 0.061698, 0.23167, 0.0117071], 
              [4.20763e-05, 0.998208, 4.12431e-05, 0.0017088], 
              [0.998209, 4.12431e-05, 0.00170797, 4.20763e-05], 
              [0.00337452, 0.996542, 4.12431e-05, 4.20763e-05], 
              [4.20763e-05, 4.12431e-05, 0.999875, 4.20763e-05], 
              [4.20763e-05, 0.0167055, 4.12431e-05, 0.983211], 
              [0.0217055, 4.12431e-05, 0.974879, 0.00337452], 
              [0.048367, 0.40664, 0.0200379, 0.524955], 
              [0.140019, 0.401641, 0.413305, 0.0450346], 
              [0.491627, 0.121688, 0.155015, 0.23167], 
              [0.4483, 0.165014, 0.205007, 0.181679], 
              [0.278329, 0.324987, 0.16668, 0.230004], 
              [0.161682, 0.216672, 0.18501, 0.436636]
            ]
          }, {
            "db": 0,
            "id": "BES1_tnt.BAM8_colamp_a_m1",
            "alt": "BAM8",
            "len": 15,
            "nsites": 590,
            "evalue": "3.0e-1431",
            "url": "http://neomorph.salk.edu/dap_web/pages/browse_table_aj.php?AGI=BAM8",
            "pwm": [
              [0.352525, 0.247458, 0.222038, 0.177979], 
              [0.255931, 0.223733, 0.28135, 0.238985], 
              [0.113583, 0.218649, 0.193229, 0.474538], 
              [0.213566, 0.147475, 0.122055, 0.516904], 
              [0.0746062, 0.454202, 0.294907, 0.176284], 
              [0.501653, 4.1942e-05, 0.48979, 0.00851635], 
              [4.27894e-05, 0.955812, 4.1942e-05, 0.0441033], 
              [0.999873, 4.1942e-05, 4.1942e-05, 4.27894e-05], 
              [4.27894e-05, 0.999872, 4.1942e-05, 4.27894e-05], 
              [4.27894e-05, 4.1942e-05, 0.999872, 4.27894e-05], 
              [4.27894e-05, 0.00343137, 4.1942e-05, 0.996484], 
              [4.27894e-05, 4.1942e-05, 0.999872, 4.27894e-05], 
              [0.0627442, 0.137307, 0.0746053, 0.725344], 
              [0.0322403, 0.272877, 0.672809, 0.0220731], 
              [0.53724, 0.0119039, 0.318632, 0.132223]
            ]
          }, {
            "db": 0,
            "id": "BZR_tnt.At1g78700_col_a_m1",
            "alt": "At1g78700",
            "len": 11,
            "nsites": 598,
            "evalue": "2.2e-1466",
            "url": "http://neomorph.salk.edu/dap_web/pages/browse_table_aj.php?AGI=At1g78700",
            "pwm": [
              [4.2217e-05, 0.541757, 0.00672926, 0.451472], 
              [0.26254, 0.0017131, 0.735704, 4.2217e-05], 
              [4.2217e-05, 0.999874, 4.1381e-05, 4.2217e-05], 
              [0.999875, 4.1381e-05, 4.1381e-05, 4.2217e-05], 
              [4.2217e-05, 0.999874, 4.1381e-05, 4.2217e-05], 
              [4.2217e-05, 4.1381e-05, 0.999874, 4.2217e-05], 
              [0.00338566, 4.1381e-05, 4.1381e-05, 0.996532], 
              [4.2217e-05, 4.1381e-05, 0.999874, 4.2217e-05], 
              [0.0217776, 0.22074, 0.108719, 0.648763], 
              [0.152191, 0.147174, 0.610307, 0.0903281], 
              [0.319387, 0.199005, 0.326074, 0.155534]
            ]
          }, {
            "db": 0,
            "id": "BZR_tnt.At1g78700_colamp_a_m1",
            "alt": "At1g78700",
            "len": 15,
            "nsites": 140,
            "evalue": "5.9e-274",
            "url": "http://neomorph.salk.edu/dap_web/pages/browse_table_aj.php?AGI=At1g78700",
            "pwm": [
              [0.157211, 0.328513, 0.278549, 0.235726], 
              [0.0501445, 0.549784, 0.0430031, 0.357068], 
              [0.342793, 0.0358652, 0.621162, 0.000180228], 
              [0.000180228, 0.999463, 0.00017666, 0.000180228], 
              [0.999466, 0.00017666, 0.00017666, 0.000180228], 
              [0.000180228, 0.999463, 0.00017666, 0.000180228], 
              [0.000180228, 0.00017666, 0.999463, 0.000180228], 
              [0.000180228, 0.00017666, 0.00017666, 0.999466], 
              [0.000180228, 0.00017666, 0.999463, 0.000180228], 
              [0.0929709, 0.185758, 0.050141, 0.67113], 
              [0.0715582, 0.164345, 0.642575, 0.121523], 
              [0.264278, 0.200034, 0.235722, 0.299966], 
              [0.428445, 0.171483, 0.207172, 0.1929], 
              [0.121523, 0.192896, 0.21431, 0.471273], 
              [0.150073, 0.192896, 0.200034, 0.456997]
            ]
          }, {
            "db": 0,
            "id": "BZR_tnt.At4g18890_col_a_m1",
            "alt": "At4g18890",
            "len": 11,
            "nsites": 590,
            "evalue": "1.3e-1334",
            "url": "http://neomorph.salk.edu/dap_web/pages/browse_table_aj.php?AGI=At4g18890",
            "pwm": [
              [0.00512693, 0.540628, 0.0729106, 0.381334], 
              [0.303381, 0.0474919, 0.649085, 4.27894e-05], 
              [4.27894e-05, 0.998178, 4.1942e-05, 0.0017375], 
              [0.999873, 4.1942e-05, 4.1942e-05, 4.27894e-05], 
              [4.27894e-05, 0.999872, 4.1942e-05, 4.27894e-05], 
              [0.0017375, 4.1942e-05, 0.998178, 4.27894e-05], 
              [0.0017375, 4.1942e-05, 4.1942e-05, 0.998179], 
              [4.27894e-05, 4.1942e-05, 0.999872, 4.27894e-05], 
              [0.0864691, 0.125445, 0.10172, 0.686367], 
              [0.101721, 0.23729, 0.572826, 0.0881639], 
              [0.405059, 0.154253, 0.303381, 0.137308]
            ]
          }, {
            "db": 0,
            "id": "BZR_tnt.At4g18890_colamp_a_m1",
            "alt": "At4g18890",
            "len": 11,
            "nsites": 304,
            "evalue": "2.3e-688",
            "url": "http://neomorph.salk.edu/dap_web/pages/browse_table_aj.php?AGI=At4g18890",
            "pwm": [
              [0.0198135, 0.513071, 0.0855793, 0.381537], 
              [0.273019, 0.00336931, 0.723527, 8.30319e-05], 
              [8.30319e-05, 0.996465, 8.13877e-05, 0.00337095], 
              [0.999754, 8.13877e-05, 8.13877e-05, 8.30319e-05], 
              [8.30319e-05, 0.999753, 8.13877e-05, 8.30319e-05], 
              [8.30319e-05, 8.13877e-05, 0.999753, 8.30319e-05], 
              [8.30319e-05, 8.13877e-05, 8.13877e-05, 0.999754], 
              [8.30319e-05, 8.13877e-05, 0.999753, 8.30319e-05], 
              [0.0395441, 0.180943, 0.115176, 0.664339], 
              [0.118465, 0.144771, 0.667625, 0.0691393], 
              [0.414421, 0.134905, 0.32892, 0.121754]
            ]
          }, {
            "db": 0,
            "id": "BZR_tnt.At4g36780_col_a_m1",
            "alt": "At4g36780",
            "len": 11,
            "nsites": 599,
            "evalue": "2.9e-1569",
            "url": "http://neomorph.salk.edu/dap_web/pages/browse_table_aj.php?AGI=At4g36780",
            "pwm": [
              [0.138583, 0.307169, 0.171966, 0.382282], 
              [0.0601321, 0.691078, 0.110207, 0.138583], 
              [0.677725, 0.120221, 0.176974, 0.02508], 
              [4.21466e-05, 0.999874, 4.1312e-05, 4.21466e-05], 
              [0.998207, 4.1312e-05, 4.1312e-05, 0.00171087], 
              [4.21466e-05, 0.999874, 4.1312e-05, 4.21466e-05], 
              [4.21466e-05, 4.1312e-05, 0.999874, 4.21466e-05], 
              [4.21466e-05, 4.1312e-05, 4.1312e-05, 0.999875], 
              [4.21466e-05, 4.1312e-05, 0.999874, 4.21466e-05], 
              [4.21466e-05, 0.679394, 0.00171003, 0.318854], 
              [0.390628, 4.1312e-05, 0.609289, 4.21466e-05]
            ]
          }, {
            "db": 0,
            "id": "BZR_tnt.At4g36780_colamp_a_m1",
            "alt": "At4g36780",
            "len": 14,
            "nsites": 236,
            "evalue": "1.4e-558",
            "url": "http://neomorph.salk.edu/dap_web/pages/browse_table_aj.php?AGI=At4g36780",
            "pwm": [
              [0.228824, 0.211879, 0.110227, 0.44907], 
              [0.042462, 0.686255, 0.110227, 0.161056], 
              [0.512602, 0.0509303, 0.415183, 0.021284], 
              [0.000106946, 0.982739, 0.000104828, 0.0170488], 
              [0.999683, 0.000104828, 0.000104828, 0.000106946], 
              [0.000106946, 0.999681, 0.000104828, 0.000106946], 
              [0.000106946, 0.000104828, 0.999681, 0.000106946], 
              [0.000106946, 0.000104828, 0.000104828, 0.999683], 
              [0.000106946, 0.00857624, 0.986975, 0.00434215], 
              [0.000106946, 0.444831, 0.000104828, 0.554957], 
              [0.283885, 0.000104828, 0.703197, 0.0128136], 
              [0.152584, 0.415183, 0.317767, 0.114465], 
              [0.385537, 0.245764, 0.194937, 0.173762], 
              [0.0975237, 0.165289, 0.165289, 0.571899]
            ]
          }, {
            "db": 0,
            "id": "BZR_tnt.BZR1_col_a_m1",
            "alt": "BZR1",
            "len": 20,
            "nsites": 588,
            "evalue": "5.4e-1477",
            "url": "http://neomorph.salk.edu/dap_web/pages/browse_table_aj.php?AGI=BZR1",
            "pwm": [
              [0.16158, 0.442144, 0.222793, 0.173482], 
              [0.00684478, 0.882545, 0.00684393, 0.103766], 
              [0.59688, 0.0578553, 0.345221, 4.29349e-05], 
              [4.29349e-05, 0.977767, 4.20847e-05, 0.0221482], 
              [0.974367, 0.0017428, 0.00684393, 0.017047], 
              [4.29349e-05, 0.999872, 4.20847e-05, 4.29349e-05], 
              [4.29349e-05, 4.20847e-05, 0.999872, 4.29349e-05], 
              [0.00854449, 4.20847e-05, 4.20847e-05, 0.991371], 
              [4.29349e-05, 4.20847e-05, 0.999872, 4.29349e-05], 
              [0.0187468, 0.47105, 0.0663578, 0.443845], 
              [0.362226, 0.0799605, 0.476151, 0.0816621], 
              [0.336721, 0.2517, 0.154778, 0.256802], 
              [0.280607, 0.287408, 0.193887, 0.238097], 
              [0.180284, 0.258501, 0.132673, 0.428541], 
              [0.188787, 0.290809, 0.226194, 0.294211], 
              [0.282308, 0.244898, 0.124171, 0.348623], 
              [0.239798, 0.268703, 0.166681, 0.324818], 
              [0.255102, 0.222793, 0.205789, 0.316316], 
              [0.278908, 0.258501, 0.144576, 0.318016], 
              [0.16328, 0.231296, 0.214292, 0.391132]
            ]
          }, {
            "db": 0,
            "id": "C2C2dof_tnt.AT1G69570_col_a_m1",
            "alt": "AT1G69570",
            "len": 27,
            "nsites": 596,
            "evalue": "4.8e-893",
            "url": "http://neomorph.salk.edu/dap_web/pages/browse_table_aj.php?AGI=AT1G69570",
            "pwm": [
              [0.219804, 0.20135, 0.0956635, 0.483182], 
              [0.231548, 0.142635, 0.104051, 0.521767], 
              [0.152702, 0.0855972, 0.137602, 0.624099], 
              [0.12586, 0.0704997, 0.189607, 0.614033], 
              [0.114117, 0.441242, 0.0369483, 0.407692], 
              [0.583837, 0.120826, 0.135925, 0.159412], 
              [4.23587e-05, 0.999874, 4.15199e-05, 4.23587e-05], 
              [4.23587e-05, 0.0403028, 4.15199e-05, 0.959613], 
              [4.23587e-05, 0.00675139, 4.15199e-05, 0.993165], 
              [4.23587e-05, 4.15199e-05, 4.15199e-05, 0.999875], 
              [0.149346, 0.0352706, 0.0134623, 0.801921], 
              [0.134248, 0.172832, 0.100696, 0.592225], 
              [0.164445, 0.419434, 0.0990179, 0.317103], 
              [0.134248, 0.253355, 0.0503691, 0.562029], 
              [0.109084, 0.134247, 0.0352706, 0.721398], 
              [0.110762, 0.104051, 0.0419805, 0.743207], 
              [0.140959, 0.100696, 0.0570789, 0.701267], 
              [0.162767, 0.182897, 0.0604344, 0.593903], 
              [0.130892, 0.238257, 0.100696, 0.530154], 
              [0.191285, 0.184575, 0.0855972, 0.538543], 
              [0.122505, 0.167798, 0.114116, 0.59558], 
              [0.134248, 0.137602, 0.0939858, 0.634164], 
              [0.166121, 0.127537, 0.0872749, 0.619066], 
              [0.203028, 0.166121, 0.0990179, 0.531832], 
              [0.191285, 0.149345, 0.135925, 0.523445], 
              [0.224837, 0.164444, 0.122504, 0.488215], 
              [0.25671, 0.204705, 0.080565, 0.45802]
            ]
          }, {
            "db": 0,
            "id": "C2C2dof_tnt.AT1G69570_colamp_a_m1",
            "alt": "AT1G69570",
            "len": 21,
            "nsites": 598,
            "evalue": "1.6e-663",
            "url": "http://neomorph.salk.edu/dap_web/pages/browse_table_aj.php?AGI=AT1G69570",
            "pwm": [
              [0.414689, 0.163894, 0.172254, 0.249165], 
              [0.476552, 0.135471, 0.155533, 0.232444], 
              [0.573525, 0.147174, 0.167237, 0.112063], 
              [0.573525, 0.100359, 0.14383, 0.182286], 
              [0.508318, 0.14383, 0.230772, 0.11708], 
              [0.521694, 0.112063, 0.157206, 0.209037], 
              [0.523366, 0.0936707, 0.244148, 0.138815], 
              [0.513334, 0.0853111, 0.247492, 0.153862], 
              [0.627027, 0.0635758, 0.135471, 0.173926], 
              [0.715642, 0.0401687, 0.135471, 0.10872], 
              [0.667155, 0.091999, 0.147174, 0.0936716], 
              [0.556805, 0.0953434, 0.22074, 0.127111], 
              [0.287619, 0.14383, 0.434752, 0.133799], 
              [0.585228, 0.130455, 0.153862, 0.130455], 
              [0.718986, 0.0267929, 0.0418404, 0.212382], 
              [0.999875, 4.1381e-05, 4.1381e-05, 4.2217e-05], 
              [0.999875, 4.1381e-05, 4.1381e-05, 4.2217e-05], 
              [0.979811, 4.1381e-05, 0.020105, 4.2217e-05], 
              [4.2217e-05, 4.1381e-05, 0.999874, 4.2217e-05], 
              [0.085312, 0.183957, 0.150518, 0.580213], 
              [0.33945, 0.0401687, 0.488254, 0.132127]
            ]
          }, {
            "db": 0,
            "id": "C2C2dof_tnt.AT5G02460_col_a_m1",
            "alt": "AT5G02460",
            "len": 21,
            "nsites": 515,
            "evalue": "2.2e-525",
            "url": "http://neomorph.salk.edu/dap_web/pages/browse_table_aj.php?AGI=AT5G02460",
            "pwm": [
              [0.421326, 0.167006, 0.225247, 0.186421], 
              [0.689235, 0.0485826, 0.174771, 0.0874111], 
              [0.799894, 0.00781354, 0.0252861, 0.167007], 
              [0.994031, 4.80489e-05, 0.00198967, 0.00393127], 
              [0.980442, 4.80489e-05, 4.80489e-05, 0.0194623], 
              [0.900845, 0.0039303, 0.0951756, 4.90196e-05], 
              [0.00393127, 4.80489e-05, 0.992088, 0.00393127], 
              [0.291254, 0.180596, 0.15924, 0.368909], 
              [0.594109, 0.03111, 0.137885, 0.236896], 
              [0.716415, 4.80489e-05, 0.201951, 0.0815862], 
              [0.687295, 0.147592, 0.112647, 0.0524658], 
              [0.621287, 0.0757613, 0.192244, 0.110708], 
              [0.636818, 0.0388755, 0.155358, 0.168948], 
              [0.436857, 0.0718791, 0.289312, 0.201952], 
              [0.506747, 0.118472, 0.18642, 0.188362], 
              [0.63876, 0.03111, 0.200009, 0.130121], 
              [0.677587, 4.80489e-05, 0.141769, 0.180597], 
              [0.669822, 0.0874101, 0.201951, 0.0408181], 
              [0.504805, 0.0524649, 0.213599, 0.229131], 
              [0.533926, 0.114589, 0.27184, 0.0796456], 
              [0.51063, 0.0757613, 0.231071, 0.182538]
            ]
          }, {
            "db": 0,
            "id": "C2C2dof_tnt.At4g38000_col_a_m1",
            "alt": "At4g38000",
            "len": 28,
            "nsites": 569,
            "evalue": "2.0e-539",
            "url": "http://neomorph.salk.edu/dap_web/pages/browse_table_aj.php?AGI=At4g38000",
            "pwm": [
              [0.261861, 0.244289, 0.0984442, 0.395406], 
              [0.221446, 0.17576, 0.0668158, 0.535978], 
              [0.158189, 0.159945, 0.0984442, 0.583422], 
              [0.168732, 0.168731, 0.0492438, 0.613294], 
              [0.149403, 0.184545, 0.0422151, 0.623837], 
              [0.165217, 0.177516, 0.0633014, 0.593965], 
              [0.254833, 0.189817, 0.0474872, 0.507864], 
              [0.221446, 0.152917, 0.108987, 0.51665], 
              [0.196847, 0.156431, 0.126559, 0.520164], 
              [0.166975, 0.242532, 0.0316719, 0.558821], 
              [0.15116, 0.161702, 0.059787, 0.627351], 
              [0.163461, 0.152917, 0.0580293, 0.625593], 
              [0.163461, 0.177516, 0.0562726, 0.60275], 
              [0.224961, 0.179274, 0.100202, 0.495563], 
              [0.209147, 0.200359, 0.100202, 0.490292], 
              [0.159946, 0.17576, 0.087901, 0.576393], 
              [0.172246, 0.103716, 0.0650581, 0.65898], 
              [0.159946, 0.0966875, 0.0984442, 0.644922], 
              [0.0633023, 0.191574, 0.00355787, 0.741566], 
              [0.369049, 0.0738445, 0.0492438, 0.507864], 
              [0.507864, 0.108987, 0.124802, 0.258347], 
              [4.43683e-05, 0.906738, 0.00180018, 0.0914163], 
              [0.019373, 0.0334296, 4.34897e-05, 0.947154], 
              [4.43683e-05, 0.0439728, 4.34897e-05, 0.955939], 
              [4.43683e-05, 0.00355787, 4.34897e-05, 0.996354], 
              [0.226719, 0.0246442, 4.34897e-05, 0.748595], 
              [0.0808742, 0.105473, 0.0474872, 0.766167], 
              [0.25659, 0.205631, 0.154673, 0.383105]
            ]
          }, {
            "db": 0,
            "id": "C2C2dof_tnt.OBP3_col_a_m1",
            "alt": "OBP3",
            "len": 21,
            "nsites": 600,
            "evalue": "1.6e-651",
            "url": "http://neomorph.salk.edu/dap_web/pages/browse_table_aj.php?AGI=OBP3",
            "pwm": [
              [0.0950262, 0.17168, 0.151683, 0.581612], 
              [0.100025, 0.17168, 0.00337369, 0.724921], 
              [0.218339, 0.153349, 0.0700296, 0.558282], 
              [0.488294, 0.11169, 0.120021, 0.279995], 
              [0.0017088, 0.924887, 0.00337369, 0.0700304], 
              [0.0017088, 0.0383679, 4.12431e-05, 0.959882], 
              [4.20763e-05, 0.0200379, 4.12431e-05, 0.979879], 
              [0.0017088, 0.00170797, 4.12431e-05, 0.996543], 
              [0.143351, 0.0350354, 0.00337369, 0.818239], 
              [0.120022, 0.168346, 0.0583645, 0.653266], 
              [0.228337, 0.258331, 0.141685, 0.371647], 
              [0.245001, 0.25, 0.0533654, 0.451634], 
              [0.105025, 0.269996, 0.0883595, 0.53662], 
              [0.103358, 0.163347, 0.0583645, 0.67493], 
              [0.103358, 0.14335, 0.00670713, 0.746585], 
              [0.105025, 0.20834, 0.00170797, 0.684928], 
              [0.163348, 0.0983579, 0.0866938, 0.6516], 
              [0.131687, 0.206674, 0.101691, 0.559949], 
              [0.106691, 0.183344, 0.110023, 0.599942], 
              [0.191677, 0.173345, 0.073362, 0.561615], 
              [0.203341, 0.140018, 0.100025, 0.556616]
            ]
          }, {
            "db": 0,
            "id": "FAR1_tnt.FAR1_col_a_m1",
            "alt": "FAR1",
            "len": 15,
            "nsites": 591,
            "evalue": "2.4e-1330",
            "url": "http://neomorph.salk.edu/dap_web/pages/browse_table_aj.php?AGI=FAR1",
            "pwm": [
              [0.395915, 0.197978, 0.165835, 0.240273], 
              [0.206438, 0.323168, 0.164143, 0.306252], 
              [0.123541, 0.399297, 0.0981643, 0.378998], 
              [0.213205, 0.326552, 0.0220351, 0.438209], 
              [0.0135764, 0.93051, 0.028802, 0.0271111], 
              [0.999874, 4.18711e-05, 4.18711e-05, 4.2717e-05], 
              [4.2717e-05, 0.999873, 4.18711e-05, 4.2717e-05], 
              [4.2717e-05, 4.18711e-05, 0.999873, 4.2717e-05], 
              [4.2717e-05, 0.993106, 4.18711e-05, 0.00680957], 
              [4.2717e-05, 4.18711e-05, 0.998181, 0.00173443], 
              [4.2717e-05, 0.991414, 4.18711e-05, 0.00850129], 
              [0.04572, 0.543097, 0.0846296, 0.326552], 
              [0.18952, 0.104931, 0.248731, 0.456818], 
              [0.245348, 0.358695, 0.138766, 0.25719], 
              [0.22843, 0.370537, 0.111698, 0.289334]
            ]
          }, {
            "db": 0,
            "id": "FAR1_tnt.FAR1_colamp_a_m1",
            "alt": "FAR1",
            "len": 21,
            "nsites": 215,
            "evalue": "3.0e-507",
            "url": "http://neomorph.salk.edu/dap_web/pages/browse_table_aj.php?AGI=FAR1",
            "pwm": [
              [0.441772, 0.293002, 0.0559031, 0.209322], 
              [0.279058, 0.0698496, 0.604485, 0.0466078], 
              [0.000117387, 0.000115063, 0.99965, 0.000117387], 
              [0.000117387, 0.99965, 0.000115063, 0.000117387], 
              [0.000117387, 0.000115063, 0.995001, 0.00476623], 
              [0.000117387, 0.99965, 0.000115063, 0.000117387], 
              [0.000117387, 0.000115063, 0.99965, 0.000117387], 
              [0.000117387, 0.000115063, 0.000115063, 0.999652], 
              [0.0280114, 0.0233603, 0.939213, 0.00941506], 
              [0.437123, 0.0187114, 0.362737, 0.181428], 
              [0.427825, 0.0791483, 0.367386, 0.12564], 
              [0.320898, 0.176777, 0.306949, 0.195376], 
              [0.232567, 0.176777, 0.195373, 0.395283], 
              [0.311601, 0.241863, 0.111691, 0.334846], 
              [0.269759, 0.362737, 0.186076, 0.181428], 
              [0.59519, 0.16283, 0.107042, 0.134939], 
              [0.232567, 0.465015, 0.218618, 0.0837995], 
              [0.134939, 0.237214, 0.353439, 0.274409], 
              [0.12564, 0.427823, 0.311598, 0.134939], 
              [0.167482, 0.274406, 0.385983, 0.17213], 
              [0.17213, 0.39528, 0.25581, 0.176779]
            ]
          }, {
            "db": 0,
            "id": "NAC_tnt.ANAC047_col_m1",
            "alt": "ANAC047",
            "len": 15,
            "nsites": 600,
            "evalue": "5.7e-577",
            "url": "http://neomorph.salk.edu/dap_web/pages/browse_table_aj.php?AGI=ANAC047",
            "pwm": [
              [0.501625, 0.16668, 0.136685, 0.19501], 
              [0.603275, 0.0450337, 0.284994, 0.066698], 
              [0.215006, 0.0966921, 0.639935, 0.048367], 
              [0.348317, 4.12431e-05, 4.12431e-05, 0.6516], 
              [0.106691, 0.00504041, 0.366647, 0.521622], 
              [0.576613, 0.151683, 0.230003, 0.0417021], 
              [0.00837369, 0.979878, 0.0100396, 0.0017088], 
              [0.00504124, 4.12431e-05, 0.994875, 4.20763e-05], 
              [4.20763e-05, 4.12431e-05, 4.12431e-05, 0.999875], 
              [0.251667, 0.0333687, 0.708256, 0.00670797], 
              [0.238335, 0.121688, 0.0883595, 0.551617], 
              [0.368314, 0.165014, 0.206674, 0.259999], 
              [0.30999, 0.170013, 0.258331, 0.261665], 
              [0.371647, 0.14835, 0.201675, 0.278329], 
              [0.546618, 0.0700296, 0.126687, 0.256666]
            ]
          }, {
            "db": 0,
            "id": "NAC_tnt.ANAC047_colamp_a_d1",
            "alt": "ANAC047",
            "len": 5,
            "nsites": 624,
            "evalue": "2.0e-058",
            "url": "http://neomorph.salk.edu/dap_web/pages/browse_table_aj.php?AGI=ANAC047",
            "pwm": [
              [4.04583e-05, 0.999879, 3.96571e-05, 4.04583e-05], 
              [0.99988, 3.96571e-05, 3.96571e-05, 4.04583e-05], 
              [4.04583e-05, 0.999879, 3.96571e-05, 4.04583e-05], 
              [4.04583e-05, 3.96571e-05, 0.999879, 4.04583e-05], 
              [4.04583e-05, 0.224363, 0.216351, 0.559246]
            ]
          }, {
            "db": 0,
            "id": "NAC_tnt.ANAC055_col_m1",
            "alt": "ANAC055",
            "len": 21,
            "nsites": 594,
            "evalue": "1.1e-833",
            "url": "http://neomorph.salk.edu/dap_web/pages/browse_table_aj.php?AGI=ANAC055",
            "pwm": [
              [0.358568, 0.0656876, 0.200345, 0.3754], 
              [0.240743, 0.0303396, 0.252524, 0.476393], 
              [0.18688, 0.203711, 0.213811, 0.395599], 
              [0.138066, 0.626199, 0.033706, 0.202028], 
              [0.294606, 0.148165, 0.291239, 0.265991], 
              [0.486493, 0.0370724, 0.1145, 0.361935], 
              [0.341736, 0.16163, 0.264307, 0.232326], 
              [0.208761, 0.117867, 0.0640039, 0.609368], 
              [0.265991, 0.228959, 0.151531, 0.353518], 
              [0.262624, 0.262623, 0.168363, 0.306388], 
              [0.267674, 0.190246, 0.190246, 0.351835], 
              [0.513424, 0.0488554, 0.151531, 0.286189], 
              [0.00172622, 0.723826, 0.00509181, 0.269357], 
              [0.999874, 4.16597e-05, 4.16597e-05, 4.25013e-05], 
              [0.00172622, 0.99819, 4.16597e-05, 4.25013e-05], 
              [4.25013e-05, 4.16597e-05, 0.999873, 4.25013e-05], 
              [0.0438061, 0.1145, 0.257574, 0.584119], 
              [0.597585, 0.341735, 0.00340809, 0.0572719], 
              [0.710361, 4.16597e-05, 0.00509181, 0.284507], 
              [0.119551, 0.523523, 0.0909354, 0.265991], 
              [0.074104, 0.328269, 0.0539046, 0.543722]
            ]
          }, {
            "db": 0,
            "id": "NAC_tnt.ATAF1_colamp_a_d1",
            "alt": "ATAF1",
            "len": 5,
            "nsites": 602,
            "evalue": "1.0e-041",
            "url": "http://neomorph.salk.edu/dap_web/pages/browse_table_aj.php?AGI=ATAF1",
            "pwm": [
              [0.725835, 4.11061e-05, 0.274082, 4.19366e-05], 
              [4.19366e-05, 0.999875, 4.11061e-05, 4.19366e-05], 
              [4.19366e-05, 4.11061e-05, 0.999875, 4.19366e-05], 
              [4.19366e-05, 4.11061e-05, 4.11061e-05, 0.999876], 
              [0.534837, 4.11061e-05, 0.46508, 4.19366e-05]
            ]
          }, {
            "db": 0,
            "id": "REM_tnt.REM19_col_a_m1",
            "alt": "REM19",
            "len": 15,
            "nsites": 573,
            "evalue": "8.3e-719",
            "url": "http://neomorph.salk.edu/dap_web/pages/browse_table_aj.php?AGI=REM19",
            "pwm": [
              [0.50083, 0.157084, 0.324594, 0.017493], 
              [0.581095, 0.242584, 0.0803082, 0.0960133], 
              [0.504319, 0.385665, 0.109972, 4.40586e-05], 
              [0.830615, 0.0541347, 0.115206, 4.40586e-05], 
              [0.786993, 0.0454103, 0.167553, 4.40586e-05], 
              [0.99289, 0.00527827, 4.31862e-05, 0.00178875], 
              [0.837594, 0.106482, 0.0122571, 0.0436664], 
              [0.99638, 0.00178788, 4.31862e-05, 0.00178875], 
              [0.912625, 0.0768188, 4.31862e-05, 0.0105132], 
              [0.957992, 4.31862e-05, 0.00527827, 0.0366867], 
              [0.855043, 0.0279613, 0.0157474, 0.101248], 
              [0.91786, 0.0105124, 0.0715837, 4.40586e-05], 
              [0.675319, 0.0558794, 0.0593698, 0.209432], 
              [0.687533, 0.209431, 0.102992, 4.40586e-05], 
              [0.668339, 0.0890327, 0.151849, 0.0907782]
            ]
          }, {
            "db": 0,
            "id": "REM_tnt.REM19_colamp_a_m1",
            "alt": "REM19",
            "len": 21,
            "nsites": 552,
            "evalue": "4.8e-1000",
            "url": "http://neomorph.salk.edu/dap_web/pages/browse_table_aj.php?AGI=REM19",
            "pwm": [
              [0.409392, 0.054383, 0.152191, 0.384034], 
              [0.268113, 0.117778, 0.0254022, 0.588707], 
              [0.201096, 0.0906084, 0.364109, 0.344186], 
              [0.458296, 0.108721, 0.188417, 0.244566], 
              [0.449239, 0.387656, 0.06525, 0.097854], 
              [0.729985, 0.246377, 0.0235916, 4.57345e-05], 
              [0.903868, 0.0779297, 0.0018565, 0.0163468], 
              [0.902056, 0.0181575, 0.0580053, 0.0217808], 
              [0.871265, 0.110532, 0.0163459, 0.00185741], 
              [0.967262, 0.00366717, 0.0290256, 4.57345e-05], 
              [0.947338, 0.00366717, 0.0235916, 0.0254031], 
              [0.969073, 0.00547884, 4.48288e-05, 0.0254031], 
              [0.940092, 0.0254022, 0.0235916, 0.0109138], 
              [0.97813, 4.48288e-05, 0.00728952, 0.0145361], 
              [0.912923, 0.0109129, 0.0398926, 0.0362712], 
              [0.885755, 0.0797404, 0.0344586, 4.57345e-05], 
              [0.853152, 0.0018565, 0.0634393, 0.081553], 
              [0.710062, 0.0851744, 0.0616277, 0.143136], 
              [0.603197, 0.184794, 0.163058, 0.0489499], 
              [0.632177, 0.0417043, 0.043515, 0.282604], 
              [0.425694, 0.190227, 0.188417, 0.195662]
            ]
          }, {
            "db": 0,
            "id": "Trihelix_tnt.GT3a_col_a_m1",
            "alt": "GT3a",
            "len": 17,
            "nsites": 371,
            "evalue": "1.7e-530",
            "url": "http://neomorph.salk.edu/dap_web/pages/browse_table_aj.php?AGI=GT3a",
            "pwm": [
              [0.390799, 0.194084, 0.258757, 0.15636], 
              [0.417745, 0.186001, 0.264147, 0.132107], 
              [0.0297101, 0.970155, 6.66936e-05, 6.8041e-05], 
              [0.999799, 6.66936e-05, 6.66936e-05, 6.8041e-05], 
              [6.8041e-05, 0.883925, 6.66936e-05, 0.11594], 
              [6.8041e-05, 6.66936e-05, 0.999797, 6.8041e-05], 
              [6.8041e-05, 6.66936e-05, 6.66936e-05, 0.999799], 
              [6.8041e-05, 6.66936e-05, 0.873146, 0.126719], 
              [0.145582, 0.107855, 0.204863, 0.541701], 
              [0.285705, 0.221031, 0.153664, 0.3396], 
              [0.493196, 0.0404868, 0.107855, 0.358462], 
              [0.549785, 0.177917, 0.0377925, 0.234506], 
              [0.697993, 0.0108458, 6.66936e-05, 0.291095], 
              [0.2884, 0.172527, 0.0108458, 0.528228], 
              [0.350378, 0.00815051, 0.280314, 0.361157], 
              [0.215643, 0.113244, 0.0970755, 0.574037], 
              [0.245285, 0.113244, 0.377323, 0.264148]
            ]
          }, {
            "db": 0,
            "id": "bHLH_tnt.BIM1_col_a_m1",
            "alt": "BIM1",
            "len": 14,
            "nsites": 566,
            "evalue": "1.9e-1141",
            "url": "http://neomorph.salk.edu/dap_web/pages/browse_table_aj.php?AGI=BIM1",
            "pwm": [
              [4.46034e-05, 0.999867, 4.37202e-05, 4.46034e-05], 
              [0.999868, 4.37202e-05, 4.37202e-05, 4.46034e-05], 
